Begin unsorted array
9028
8868
6852
7223
3081
7701
5302
2638
3112
6479
6815
3394
6465
1842
9723
3193
3756
6835
4076
5705
8959
2442
3266
9774
6891
1953
3366
1609
5251
3387
4898
4534
3376
7993
8971
7444
1327
7508
5674
5643
4515
8447
1319
5465
5231
6173
7341
2613
2915
8046
9372
9905
2416
7887
488
6586
5602
7077
332
1129
4336
3693
7386
9724
1582
2281
18
8472
2870
2279
1867
6248
1162
8432
1190
512
1124
7801
4544
719
4612
754
8694
7205
4014
4993
2119
5488
7506
2386
1843
4249
7176
4546
1308
822
1061
1594
3883
2951
6155
8869
9742
636
6180
3124
8743
3984
6698
9975
5462
7801
2534
9612
6516
3583
4999
182
5711
6588
163
4529
966
484
437
7617
9071
6616
7125
368
9451
9529
3918
1593
4563
5742
1011
8058
1025
891
6249
8134
8790
7530
6923
4042
1716
7564
8029
7725
5823
880
5883
7294
2789
1627
7903
9258
200
8563
4053
2128
6859
6330
524
5933
3883
941
5050
774
2572
6941
9156
4821
340
2028
5738
3436
3560
6394
5901
1508
8586
9399
4545
8572
3647
6623
8804
2936
7839
1752
7858
2462
6837
4122
1276
2460
7006
991
159
775
2514
7255
5153
8881
1723
1063
6955
762
5888
4468
5698
3806
2662
2545
3541
7459
1786
1952
2286
7259
2137
2114
2935
821
9083
6695
7983
6217
752
3279
6429
2570
6236
5127
8993
1331
4247
5663
6849
2584
9667
8043
7048
3372
6053
4053
9800
4292
582
3817
675
5055
8704
2900
8638
401
4321
4333
9798
5027
3079
739
10
2610
8039
3129
7570
7535
3552
2210
3213
6123
5102
9702
7591
4094
5066
9563
4767
5030
6895
3691
5636
6935
2605
1375
3865
3336
6488
8593
7010
9914
5864
1823
9504
8929
8033
4438
5333
2925
6483
2265
741
8371
605
4552
9952
9002
5308
4544
5335
4758
9565
4769
8132
9388
5103
3075
6
6664
9264
4234
1047
4959
5200
3299
259
3280
198
8662
6061
629
4230
1843
8547
4630
2950
7264
6330
8053
1422
4862
8028
1945
3259
2252
349
1096
3691
117
3826
4958
4432
8668
3660
2250
1219
5782
3172
7306
4293
6672
8805
6645
8483
4706
528
7722
6221
3502
6438
7839
6744
1953
5243
4402
6205
9102
1701
2948
2950
9162
9589
81
4836
1103
6196
5562
8182
6298
3412
7168
4093
9024
3760
4749
6057
1383
3461
8552
1725
2626
4874
189
3678
5987
8213
2479
3426
9258
6044
2116
4082
224
4356
5131
7083
8724
1810
7381
8510
4965
9540
9923
90
9269
3746
7720
8193
494
8345
4822
5641
3149
1224
324
4288
9400
6403
8849
2889
3717
2137
8924
254
1296
3087
3869
4668
8629
7666
7332
9573
6080
42
6759
3086
4951
99
4408
2241
494
4286
2932
913
1222
6475
933
8999
4033
843
7682
2322
2960
4493
4794
2829
616
9670
8793
6183
9876
3052
9564
2827
1014
5249
9561
3107
4465
7237
9337
9301
1995
6608
2395
9430
9204
8011
9031
4821
2154
4870
636
7786
9983
5010
6613
1588
5248
3931
2471
5281
1306
8225
2365
7442
4722
106
9899
5973
6913
7826
4535
6795
1506
8380
328
6352
2098
5363
3624
2604
639
3973
4029
5007
2416
1778
2843
6003
8635
7974
7858
535
4767
4056
7996
3769
4243
4953
4709
9099
8112
3059
7907
4328
335
3841
6281
1603
4683
261
9489
9885
307
9866
4643
7332
4197
7357
5027
2945
7262
3897
7338
8939
9967
4001
2028
7449
385
6559
2109
7145
654
4525
4492
7579
6065
9701
4673
8574
5496
1240
1320
8374
8484
7973
228
4900
9413
665
9572
6886
9925
1765
1837
4215
5721
8968
4360
6334
1814
8831
1219
8124
8151
2345
9231
5782
5375
7063
1268
4495
2684
6452
7448
6022
2577
8963
455
1995
3773
7128
8035
9720
6986
5223
7219
8889
2688
277
1859
7096
5342
8339
6761
6665
22
3196
223
6140
8742
4446
9524
2351
9396
5077
4202
3473
4317
5815
1639
6757
8514
2366
2561
4685
797
1499
1138
2929
5125
342
3094
5099
5204
4171
9153
4345
9691
784
6001
9381
8741
4314
3252
9327
7603
5685
324
1910
1021
3746
4573
6873
8637
5102
8582
2976
5778
2076
5868
8522
2058
7293
1016
8400
1352
4425
7147
5226
5923
9856
3782
3534
9813
2257
8016
4200
9113
3233
7082
5111
1176
9227
1909
1379
5769
6221
6461
102
5588
6178
8567
7615
4915
7478
7323
1448
3299
4852
7976
3178
8538
5097
5987
1164
9964
1040
7059
6381
7086
4383
3863
2545
4994
758
7347
2831
5385
9636
2631
5130
7964
7045
9638
9745
1290
6166
8619
2336
4934
6569
901
4261
5257
3904
6573
6079
3241
745
1415
4730
9161
81
3016
1205
2315
6022
2622
4157
132
4493
6062
3663
2221
2846
5214
1493
5458
6242
9873
3798
2421
4724
1448
518
3483
9601
7288
1090
4184
1269
9590
4640
8222
7901
5969
7883
4030
8434
7430
5268
3545
4462
2204
441
507
7237
2040
2411
8690
5080
621
6998
872
7617
2310
4437
8633
2499
7721
2714
8733
1533
9973
8863
4903
1422
5441
4320
6877
7331
7463
7024
8812
4606
254
7958
2521
1007
11
6246
7561
4877
2399
9103
649
2592
3769
606
5591
1532
9249
1532
713
4717
6534
2013
4489
3341
5538
9085
1797
7719
5534
1360
7617
3596
8186
6266
7363
4351
1917
7627
2488
1476
5152
3857
9133
870
8215
2312
7653
4836
8729
5345
8081
5932
6312
4095
8071
8240
3470
9179
5469
926
4449
9842
9343
1040
1487
7052
4405
7503
3242
1240
9614
1623
9043
9237
9565
2678
2879
3619
5126
3227
1432
6961
8990
189
3279
1686
7284
4092
8194
9123
881
2738
2158
1563
7026
5310
4513
8093
9382
1163
7906
150
1595
7489
5731
6458
6888
7074
4530
5394
5362
9850
4054
2243
9493
7488
852
9154
7761
9801
9768
314
9309
4119
360
6877
9464
7480
2211
4255
8164
4785
4237
3964
5320
1282
5366
1502
4458
6820
4797
210
9561
2800
3761
1031
8683
9915
2069
9538
4459
5359
333
9581
1395
7593
841
7476
7130
8853
6994
9407
4864
275
7229
577
5614
91
6922
8211
2122
9349
4697
942
5004
9558
753
6509
358
9328
8193
9548
5412
2673
9796
2805
4453
4655
2570
7727
442
7890
4372
5604
9826
5389
5346
9286
5571
3185
5416
8593
2993
3858
7416
5109
662
9391
4578
1836
6841
4332
7118
7801
661
7445
3996
2191
478
4424
6123
960
7521
9195
7770
4231
4977
9093
1115
9614
4213
1466
939
7172
3913
9600
6556
1555
5257
4688
2144
5062
78
734
887
6109
773
6571
4944
2382
1393
3155
8808
1147
7062
4457
1073
3798
6087
3185
133
1569
8276
4963
7622
5375
3394
9946
3888
1060
889
2442
6934
5790
2281
1062
883
6787
8309
1662
3459
8406
4149
8733
8222
1059
2658
9791
111
9455
8528
2758
5467
2072
4556
575
6785
5114
3112
5511
2715
826
2683
3884
1493
8950
6220
3018
8865
6000
3575
4285
5488
4425
9725
1726
7419
9543
6741
6563
2717
3602
9836
4432
2532
8131
6975
4863
1235
1707
4277
5768
3675
2798
8946
2634
5723
266
7241
9271
4838
9639
927
4110
5881
4243
7270
1042
2346
2830
3155
7242
8373
6548
2794
9112
990
8250
1352
3362
1976
1358
1783
7158
1723
7806
611
2690
5479
7092
6003
7154
2302
7470
1726
3078
2676
5726
8551
8289
861
5933
2517
8405
8552
7035
7395
7127
5
9833
1644
7472
8914
3880
7295
3481
7856
3769
2387
8074
3632
4580
5563
5253
6826
6001
4940
904
4823
9716
6437
5263
9699
3062
2501
6043
8841
3378
8606
4688
412
3484
2686
5645
5448
8530
8240
8422
175
8244
5221
8907
3339
477
4657
6280
370
7263
1579
2552
2096
6492
2304
288
3396
6381
7773
5852
1379
1253
4640
4479
5162
7699
7663
149
1895
9918
9805
8296
7761
6517
729
6578
4496
7530
1925
9222
8405
6220
5674
1578
1799
6055
2593
3920
1180
2398
2249
9067
757
2389
7044
8922
3605
743
3745
5640
2814
4508
4386
451
7458
3283
4791
5578
5763
5725
5792
5866
4456
8551
7446
5158
5578
3062
2680
9107
5106
3743
8969
9496
7669
738
7539
5372
9473
1806
2974
3754
3786
6285
6408
3897
1835
5223
4120
8515
1265
7014
8156
5454
6606
6383
4612
2206
4942
1886
3344
544
8062
4637
534
9070
5539
4889
2781
6720
5744
9418
6105
3957
2752
2039
2080
8171
2143
3550
3324
356
8941
4165
7843
8091
5587
3515
2891
1287
6126
5333
431
7588
8462
2431
5692
9148
5751
7338
8357
6946
2442
7399
2772
1846
910
4199
2703
4567
4303
6440
64
1392
8561
2989
1602
3898
6794
2442
3484
2025
1998
1495
595
412
8987
8516
5495
321
6347
2932
2420
4804
5193
6378
7914
1543
1394
5997
7181
1388
812
8323
6984
9685
5269
9039
9026
5473
830
1794
2355
3309
3854
6333
4948
948
6805
2360
2859
2394
8703
2382
8220
1371
4020
5259
6199
2184
5075
59
2505
797
5261
2097
1213
3675
4510
910
5143
9947
9490
22
9491
4553
577
9111
951
8859
1430
6966
4738
9033
3138
4788
2684
8429
103
5613
5665
10
2841
6842
399
771
9289
1558
8048
1758
5120
1273
6437
5896
7217
2912
2904
8681
2891
3668
794
4909
4309
7339
754
8108
5321
3471
7658
473
9412
2783
3572
8896
5244
5133
7106
2648
9623
8721
5263
9019
1063
9193
3740
158
530
8841
1816
227
1885
4002
5539
6435
4819
756
5701
5502
6088
2290
5449
5819
3899
7576
2345
2338
7700
7540
652
2085
5805
256
9058
4169
8404
1775
3847
5116
3600
597
7579
6479
1655
7432
8588
5411
7244
7137
4078
4488
9432
1605
6559
7333
3273
9444
5120
3487
6848
1402
2457
2989
8190
9731
4421
1629
4944
1370
8030
3045
6909
585
1903
5492
4711
8969
4164
6467
8987
6934
5093
564
3463
6163
2652
4201
3697
1726
897
8960
6655
361
8268
2198
8140
4591
8289
1924
3011
6959
468
5874
9106
1033
7579
8847
9702
1067
2622
4303
5280
8652
4499
9913
6308
1893
9525
2027
7079
221
7932
3218
474
9069
6389
6549
2317
9704
7352
121
680
2241
3456
2029
6467
9219
1458
2430
8583
3805
4499
2630
9103
6594
3681
8002
5861
8354
5889
6247
5065
6262
4844
2791
9027
7249
5401
37
4644
1031
6531
9997
3715
2502
3623
3039
5197
2471
3447
7089
436
7095
3443
3275
5722
5302
4115
3879
5389
8386
688
3963
3816
1106
5055
4417
7397
666
3001
9218
3819
1421
7786
7553
7273
4502
8915
6601
2971
642
2806
3390
4907
8800
5811
7970
2820
1569
7069
3725
3134
1522
4648
6257
343
2569
6181
2610
7447
9205
5642
4532
9469
4229
3270
9015
9308
5890
6002
1221
6387
7514
909
4747
5581
7297
9055
5016
5294
7084
1598
5828
3596
9275
6084
2298
6772
1530
7210
4705
8320
6306
9153
3765
4999
8274
3920
679
5530
6795
8662
6929
5567
5849
7338
5619
613
9900
677
3045
3514
1165
7315
364
7607
9813
936
195
8144
973
2244
7779
8679
1297
2900
82
8360
7144
9748
7306
3378
8376
9486
8498
8422
4669
262
7747
1938
466
1685
6871
854
4165
1192
7155
8990
8790
6157
5185
7339
3726
2535
4557
4552
883
8250
4270
2949
7257
7259
3469
153
3370
9667
5137
1679
8816
1941
2939
9552
3188
8256
7679
9287
5372
6926
4514
106
5745
1091
9570
987
4563
9967
9651
5842
4929
3947
7539
6418
5992
4799
4681
3207
8215
6719
7484
4498
6054
5476
175
6850
3218
5633
4152
5470
4856
5269
9180
3957
3736
4164
7204
6166
7689
2483
5590
3402
17
9295
6750
4870
4401
6520
3561
8388
3576
4473
1073
8652
9442
17
4052
269
916
2720
7768
8929
5816
4181
986
9659
4766
3583
2683
1828
7594
8514
5518
5733
1129
4082
4481
6758
8726
5305
2449
6697
2072
5763
1895
383
4197
528
4515
3719
113
6936
5251
4969
4714
6660
7586
5836
8309
7091
104
819
3838
1734
794
5062
8955
5339
7523
5360
5536
7293
1542
5611
272
1072
6857
53
2287
603
5462
4238
9067
8963
1715
659
3263
549
1020
4469
6495
8645
8448
1636
5201
1631
2860
339
4969
6832
1428
8858
3004
9154
8183
2819
5394
9640
4698
3643
9802
7533
3549
7706
1629
5866
1751
4874
19
136
1799
8406
4319
3055
8864
6890
8844
9906
410
8640
8211
6519
5084
5454
9175
6603
1234
9912
780
8895
5265
3623
5851
7377
4666
8962
5097
743
7
9335
9879
7985
321
4834
5034
3022
4540
9949
291
1294
3975
5487
9230
6057
5431
3284
2450
8094
8531
5026
4632
1838
4094
1123
4870
8175
2555
6941
8388
9902
1794
8102
9900
1074
8761
226
6198
250
421
6153
2064
1285
9622
9486
4921
9777
4392
9794
1947
1383
6512
7002
2211
4981
4704
8041
3892
9198
9963
6859
468
7598
1561
388
9499
5872
5587
8156
7295
5205
7085
2200
7674
2379
2962
3347
2216
4607
6201
5093
3783
2760
4995
7006
3391
4792
5892
4919
6370
720
6334
7000
286
3561
5686
4466
9724
9235
9987
9049
4190
6236
2500
6741
4297
4312
9327
9832
2020
1357
5826
9284
2997
4871
3076
7707
2603
4554
6997
4707
9980
669
1786
6575
8871
86
1914
4113
6692
8496
3623
2980
4620
7152
903
7547
261
8254
2710
9078
5464
6059
2900
5014
4893
7050
4003
5415
486
7979
1864
5170
2239
5280
9068
3522
4450
5924
7869
4211
2398
5214
3140
3523
7733
2847
4665
5845
3968
5528
7446
4348
1845
7918
9243
3921
7768
6772
1682
1822
6082
6499
3628
8713
6632
8452
742
9339
8083
7381
3098
4337
385
8498
6680
251
2920
9376
7280
2047
2386
8158
1448
4957
533
7515
3326
4320
6037
5148
5753
7677
4242
6048
8129
5899
1587
4426
6891
9280
2106
5325
7761
6586
2431
3110
3963
3346
1239
8992
1002
8392
9491
9635
9436
7924
5052
8670
8181
9117
5127
6421
3303
2936
1629
5420
96
4336
370
782
8663
8493
2486
7999
9941
7060
397
4861
2526
7422
3552
9979
3082
7044
4147
7360
8185
4606
6612
206
848
2917
6245
7773
4154
5685
2022
4826
4957
7011
3015
9627
2977
458
330
2508
5906
1493
9693
2376
7527
191
6144
759
5565
5147
3339
6259
8789
4268
7234
5489
7724
165
9933
5747
2249
4712
3846
4257
5039
5571
9904
5515
4408
3925
7003
2625
6714
1639
1454
6693
4913
4237
2678
658
6772
5486
2209
9006
2346
5763
6036
689
9776
7525
1903
2813
524
4583
259
1195
7647
5437
7337
1956
287
629
6350
1641
8144
714
9544
7150
2814
542
577
3488
7486
9276
8974
6762
2504
4839
1911
9275
9534
9215
5738
6883
2022
4191
2102
2132
1380
260
9046
9475
6900
723
372
6143
9136
569
863
1632
6219
8886
7874
9235
6949
8415
5326
1248
5608
3497
8690
2808
3526
8061
2421
1071
4890
9467
9618
3954
8612
7412
5770
2555
1495
1101
6587
6764
8905
2832
7625
1936
3977
279
3057
649
1341
6503
9933
3607
8864
855
6524
7883
1570
6238
5950
8838
8301
9300
1253
9669
950
6908
3020
8807
3117
5320
7740
5849
1828
8561
2342
2777
5871
6755
8831
3247
5005
1773
9730
8387
9533
6011
5089
7758
888
7886
985
5257
5151
7749
8463
9605
1579
7956
986
7068
7259
4250
7532
6020
8763
4085
1779
303
8512
3748
2012
4815
7407
2703
3834
6529
9569
2866
137
4938
1820
5262
7919
5230
4335
2484
698
4079
99
2737
1198
7915
5769
1763
5988
755
4240
3710
9624
5448
4233
4786
9246
7140
5875
6170
7849
2448
3915
1934
36
8713
7819
6047
5248
1997
6330
2303
1685
6279
3387
7700
204
5775
2550
4097
9045
5644
6715
3079
2289
5859
3242
4689
706
7033
6015
780
9354
8165
4634
8250
164
8164
2702
2485
96
9721
6515
3991
4425
1938
2025
3345
2061
6533
4582
3471
4590
1779
7124
2206
5733
836
9645
4176
5472
3131
5342
8214
5981
5551
2948
3520
1646
5137
7536
2040
3074
66
4001
9324
9129
2724
8654
352
3834
9896
2628
4173
2452
2545
6189
7576
1041
2429
2518
9327
8519
8525
7013
6964
4380
8300
8009
8873
8989
8505
1699
6923
8996
2543
398
4524
7777
7800
3076
3009
2182
9294
343
5575
503
1170
5763
3437
9361
5371
2480
9216
2620
8208
3520
4549
3053
7036
4944
830
4715
9781
1362
5329
8197
5704
5176
9908
2147
1665
9799
3240
9353
9508
7146
9224
8183
1438
6461
3211
2537
4572
9511
3618
6025
2483
4304
789
9023
5849
1472
741
2856
2246
8294
2401
7933
5013
7377
4799
5993
5855
1291
7697
5572
9240
9863
3111
1062
4295
6365
1615
575
1734
8293
143
270
7743
9303
5715
1401
4388
886
6297
193
9058
384
7107
1215
4746
1292
3170
4061
1663
7217
6681
3282
1815
8046
6785
2619
1194
9726
4728
9483
9857
167
1123
3953
8151
2131
190
5709
1662
3398
1606
4970
4993
7504
6514
8856
2757
1897
6316
3003
3196
7554
8911
4517
1612
6861
8455
9697
2519
3097
207
4661
6157
6813
336
8892
9261
3154
3063
2616
1102
7461
2399
8264
5612
1712
8288
4311
1532
7928
9861
9297
3410
1725
6288
2304
1255
6606
2342
1291
3676
493
3191
8565
3192
6944
8812
8179
7169
7622
9595
9602
8833
3701
1901
5735
5155
647
8904
9899
8573
4145
8165
4590
3235
910
1252
4433
526
8031
7637
2656
813
1773
8939
610
4270
3833
5073
8667
2900
109
7141
3909
8333
260
464
9709
9823
554
7148
608
7701
2442
2717
9530
2327
8600
5330
2282
5693
4380
7654
9137
9984
6940
8790
7060
4761
1292
1465
1323
5574
237
6999
8465
7003
4256
6256
2976
446
1542
4609
9971
883
7030
4954
8370
9056
9409
8282
5670
8502
2791
2975
8520
2455
8004
3925
1394
1470
3404
4948
8532
9089
5826
5034
7464
5442
4252
2528
8071
2345
2355
1837
4151
9770
7682
8254
2955
1986
420
8004
5352
3010
5795
2820
2783
7262
8479
6011
8998
332
4863
1507
7042
6593
6077
883
5057
1997
7490
2929
4804
6881
212
3325
6148
955
8824
8749
4772
9749
970
9407
1050
5399
9596
5522
3295
3007
2251
203
6963
8241
3529
7739
7481
849
4795
7557
3694
6799
3198
959
4496
7490
3201
8470
2799
2470
6672
1829
8438
9730
1239
9249
9362
5456
457
1643
6997
555
7588
2050
9745
7288
5966
6562
3352
2472
5844
5300
6160
1267
5055
7972
6551
12
4911
3559
2199
1126
2724
826
6334
423
1765
7233
7003
4280
8377
2026
392
3152
560
3140
9211
1149
1213
7208
1525
6638
5118
327
6625
1373
5669
7171
4675
3266
2699
9350
545
6897
9444
5871
7830
6763
5716
9323
5523
8733
9559
9072
4095
3818
4908
3008
707
1916
8761
5403
8798
7703
2035
5561
6007
2398
4200
4962
4753
4593
2558
3737
1581
9026
1482
3495
3708
4689
5309
2449
5432
1889
1685
2792
7078
6046
6232
2808
6464
2661
6464
2760
4504
7295
552
2841
4863
3884
9863
5433
2563
754
4571
930
6175
5823
7491
5068
2337
1414
9300
6018
6606
6313
9970
6910
6018
9242
8482
9961
6166
1393
8497
2092
8129
9798
9232
4286
8474
8640
8631
9823
4825
9876
9885
4678
7318
755
6617
1256
8554
1164
471
5051
3361
446
6153
8191
7325
3642
6823
5621
5401
9901
9266
1171
2257
2479
2801
6376
6590
3206
6593
3696
2782
9476
1193
6730
6427
5292
9591
5263
2625
7227
1408
5002
922
3446
8731
7684
3646
1042
6961
4833
1818
3011
4423
4923
610
8714
2422
4840
7954
241
4666
5348
4570
6774
2270
3885
9252
9423
1765
2033
4050
1560
2996
8173
8493
4264
250
8810
3747
5117
2731
5549
6245
1761
1879
9771
5053
6269
6120
7712
2871
4752
7309
2385
2562
6060
433
4147
1177
4847
8431
4222
9276
4928
783
258
16
6249
6429
6346
8465
3611
1093
2838
7509
9116
9102
2810
4895
2498
8831
2983
3304
4052
9161
9297
4250
611
5612
2434
3832
6102
7634
8900
6685
8508
6272
1318
978
1622
9756
8804
9840
9774
9247
9260
3660
4472
4875
3445
6958
7622
9251
8678
6016
5448
919
5225
5766
1486
6008
9404
638
3996
2514
2363
5976
2193
6152
9000
2845
7785
1832
3274
2742
28
3143
3530
4805
9901
5638
9778
5736
2167
5475
6210
6851
8955
2884
1238
7590
1048
5551
9492
5613
352
8166
5844
7260
6884
3284
1467
8319
5874
601
9173
5790
5977
5937
5989
2305
7389
421
5865
5847
6229
3668
8470
8521
6304
5512
7021
9308
4915
1411
1798
2234
2340
7660
2390
1861
7299
6269
7920
6618
4171
1460
9861
1567
6302
420
874
3019
6895
8932
202
628
9685
3645
9384
6684
9696
7323
957
1372
6262
2159
3404
4464
8802
6939
3451
8316
3547
4129
5006
1120
2500
9247
1676
4769
3806
6903
2219
5884
4639
4003
2413
5983
1210
1171
2548
8694
8276
5706
2164
9976
5312
6549
356
2013
8055
5398
2765
9362
6969
2557
9472
2767
3927
9081
8127
439
1970
4615
2878
2793
5104
5072
6733
2260
9746
7421
3255
7632
4391
4756
41
7840
1965
5029
5808
5950
8891
9663
6713
8408
4139
2856
8915
2083
4531
9645
2056
2128
3043
2110
6725
3661
2829
9370
4872
241
9816
8095
2266
635
2144
5132
4972
2213
2516
1632
803
8897
3274
2177
1548
2306
7902
4470
8654
2248
6156
4651
7729
101
5365
1127
4589
2282
8030
6380
5012
2594
157
5567
6134
796
7397
6079
6265
9006
7884
6702
9566
2899
8843
3159
8854
866
562
4420
5759
8358
717
2625
4084
5165
367
2166
5269
1017
543
2690
4183
6136
6619
8208
8740
7706
6043
752
4908
1823
8205
9647
4364
9454
5084
4830
1257
2207
2272
3724
1721
3611
622
6653
1878
7532
1484
969
430
5232
811
5248
8463
5195
2520
3430
6279
636
4418
1149
4823
9809
9512
3936
154
1069
8261
4630
82
5536
909
3062
8745
6819
970
573
5515
9966
6330
1209
6223
5074
323
9676
1013
2958
1185
9168
6934
1655
8550
622
7789
1124
8901
1911
4098
6685
6499
810
9271
6853
888
4893
4323
7748
6503
1645
4225
1948
7915
6313
4305
3210
4925
9748
9486
9836
2924
7196
9884
9092
7695
8426
6985
288
5273
7621
7918
9059
6474
8830
3467
5521
1937
9369
4186
5429
5353
3265
6454
9540
4944
4987
3740
2238
6317
4580
6198
9152
2424
4262
3762
9302
926
180
9158
2461
7908
4035
2475
8881
3726
5166
5473
9084
2847
8783
1273
5556
5563
4058
4483
9658
742
345
4148
2709
4687
4748
3971
694
1423
8766
6635
2212
5068
4164
4596
1758
212
1725
7521
1319
790
7573
5814
9777
9513
4655
9390
7533
3308
643
3589
8366
9779
4103
8561
581
6031
6449
7774
3161
65
1782
7459
4959
8530
3262
4017
8683
4188
9514
5345
3838
6536
3165
8869
3169
4530
4371
3195
33
5357
6438
7385
781
5177
8269
2433
965
5603
4015
5727
3762
3951
4361
1254
9007
114
855
1247
6251
639
708
3345
3793
5298
9751
1831
6615
5234
5392
6051
1661
3254
7742
7803
3627
4396
6679
9782
262
830
3052
3080
174
3788
1583
9887
2175
1911
9861
3056
3675
3124
6943
9393
4649
3093
3593
5482
5426
6439
5818
5730
212
7963
4067
508
6208
6558
7627
4611
3435
1073
986
5422
7586
7627
3172
5
3715
9863
9655
4704
5373
2336
2376
8536
6310
8348
3154
534
803
1197
4356
3823
5012
7321
2869
2210
9721
1075
3679
5617
4284
5250
9620
2603
2139
1522
1808
7022
9921
3589
1767
5562
6783
1114
358
7875
5588
5530
4198
7859
3404
7093
3808
2238
6716
7162
411
266
4758
962
283
2641
6185
4038
420
124
2716
9773
6398
4789
6541
6132
613
7214
9429
8794
7039
3898
6964
4994
6622
4192
6877
5819
2214
7190
1442
7383
5886
4976
1111
1542
2264
8959
3306
9126
9377
2745
694
235
5160
5814
9132
9408
1319
7272
6481
6594
2808
7922
123
6512
3302
9764
4340
6091
5764
366
1825
3230
8681
5332
3888
1422
3678
4999
3868
1653
3908
304
9416
4294
3204
6730
9834
808
5060
7468
4501
4941
710
4847
4575
7963
4853
4599
8240
2500
4619
7215
3363
9012
921
7464
1553
9827
1927
7710
5731
6319
3404
4828
2686
2505
8505
5829
3309
6571
9929
3533
1032
8295
5864
6884
2520
3835
758
5924
6569
9079
6758
1369
7033
6693
6941
405
3374
5739
5178
7
8881
7350
1738
8181
1538
5881
2162
2071
9458
9024
1290
1669
2570
1087
6184
5067
3149
4037
4945
7717
9070
6003
1142
6651
9561
2035
7794
5993
5563
8101
2455
7569
1394
9922
4651
3682
6557
7682
5347
6639
1674
8686
6465
7544
7789
5089
8799
5946
510
1874
7256
9337
795
7460
937
2878
6208
5086
8620
9502
8086
6168
6507
1358
6569
3721
275
2647
6435
2503
8509
5466
8690
8306
6044
384
9537
3597
8861
4472
3236
1848
5483
3689
846
3118
6775
3934
8986
1774
7473
1472
9061
5844
8552
5505
2179
5108
976
4069
4814
6152
9511
8007
3365
1790
648
2489
1416
553
3341
2612
6225
4149
6266
6238
685
2819
512
3452
6945
6341
3661
4662
5029
7038
6404
2846
9753
540
8205
4429
2622
4793
9657
7084
2337
7476
325
9055
2471
4287
2519
8433
8432
4861
5246
4912
9578
2314
4820
9360
4596
7523
7124
8473
2491
4849
2978
6326
5385
7802
2735
876
2348
8911
9990
1433
4492
9181
3901
3209
2494
1457
982
2659
3822
5228
6229
169
1792
1493
3267
7440
5720
8844
9832
5098
7669
1184
4593
7488
4499
3998
3670
4668
1552
1643
6085
9521
4871
3814
421
397
8412
1612
6866
3140
6542
4465
4651
7263
8619
2810
4534
3893
4535
5295
5156
3504
9078
4892
3764
3308
4589
6413
8709
8495
7787
6313
1108
2180
9142
6708
5297
7978
1072
2871
9027
4108
1978
6693
8555
3204
6532
7329
8868
1690
9463
9776
134
6256
6486
2582
444
9979
51
7113
5808
2000
2902
8371
5353
230
3357
2472
8121
1912
7512
6556
2822
1665
6268
1049
1526
2385
6336
560
6775
7259
7545
7020
9031
8010
6179
4851
5693
6560
6265
5318
7927
3958
7062
7028
1207
3607
1341
8326
9846
4061
9208
6956
4177
2908
6955
8469
9988
5438
1057
8058
3643
9491
339
8548
4455
5881
9339
7342
4050
8506
6779
1561
5647
2195
8629
8863
4602
9240
9842
7918
1044
8010
713
2715
8050
589
2844
6124
1055
7710
4862
255
5504
8206
1675
8435
3620
8513
2573
5325
4268
3999
4276
1341
7281
7648
1310
1982
4278
8091
3867
749
5596
3138
7014
5632
8779
7624
499
3867
3038
3215
6287
6340
3644
6524
6056
7440
521
194
5244
6088
6667
4517
3651
7045
3735
9372
5433
403
9278
863
1847
2964
3844
4114
4659
2367
1193
6042
9656
5995
8015
8706
2287
1054
7711
7936
7696
757
1593
3869
1462
4084
2847
7778
4081
1079
9487
9968
1898
9406
2191
96
4588
2176
1369
3324
2496
9530
1866
3689
6248
4478
537
9248
8072
7960
2231
2598
9334
5798
1676
4677
8810
5410
9401
7762
118
6065
33
3580
2880
1224
4145
250
3805
7920
4119
112
9684
4388
5440
8166
8890
7903
7620
6983
3547
3598
9705
6121
8848
6889
635
6099
7731
7513
1286
9178
2774
3606
3207
6430
9497
8286
810
5025
333
287
5444
153
3842
2119
2913
4947
359
3510
5786
907
7789
2418
4215
6519
6360
3912
4732
5990
589
8045
2519
6291
6634
4940
7337
6078
1182
9009
8668
605
7093
2595
6650
3261
8154
9553
2279
6729
3977
5688
5741
4221
1728
379
1389
357
9391
6687
71
5586
3554
4819
4437
2288
7768
9152
3519
8901
4781
6834
3765
1349
4842
5182
3813
5194
5767
955
8365
6806
1633
8002
2014
4900
2305
8298
4564
6255
3551
6981
6687
4494
8938
3082
7050
2275
8158
4363
5492
9001
6035
3378
1948
7142
1923
4393
9379
6546
6566
6195
4589
8437
8322
3264
3953
5552
2806
9536
9983
9469
4589
7263
5350
7800
148
9271
2410
1760
8131
1539
7036
1405
5462
9363
772
8255
6054
4871
2978
7911
8919
8018
9689
7356
2393
8249
6172
5674
9128
1499
9468
8621
4379
6023
4412
8771
8027
4148
6995
2652
1983
7619
8414
5027
9158
3184
2975
8958
2493
5698
9498
7934
6559
2072
551
6571
7573
7993
5408
1898
3099
6735
2631
6633
2070
8414
7025
9439
4951
2001
229
1906
7876
326
5929
1300
9603
4663
8197
9208
5274
7214
3182
3431
2001
1535
2062
2308
5472
7841
1198
34
8740
5097
9553
5247
4988
1782
2957
745
6159
3536
4007
492
5470
7592
58
6234
6143
9250
6967
2911
9795
6199
6623
5885
3553
9200
4633
536
6352
4717
3967
7110
803
195
3166
2780
773
682
6312
7822
1706
7453
3050
1739
3208
2691
7960
4408
1477
5828
6165
6222
874
8286
238
2541
8473
3668
1695
5787
7149
2421
4392
1442
9568
6896
9688
5275
4426
7278
5461
5461
2939
9145
1206
2342
3150
4885
2677
863
1240
225
9059
525
8552
7745
6236
2517
9956
625
4307
7104
8987
525
674
9284
3062
1608
2170
6311
3002
2685
9982
4199
367
704
3283
1729
7081
7895
9390
3588
992
832
4548
6924
3362
3868
2889
1824
661
7172
5319
3801
2972
8357
6474
2414
8472
1921
9280
1542
2716
6366
7861
8554
243
4861
158
7848
4462
4508
5435
2062
1235
719
6113
8155
5977
3749
5922
9194
8718
347
5650
5829
7366
6181
1227
2010
4230
870
3257
5161
8615
7848
873
4625
2971
5993
6682
8501
3710
5041
7361
6153
1738
3258
2567
2253
2245
8319
6437
4723
5998
86
2823
2370
716
2032
1188
4061
3634
8147
3618
3593
1251
275
3446
3386
9846
1488
5184
9983
7066
7421
5484
3678
2985
9497
4092
4109
3614
8974
9765
5911
4432
8533
9162
8529
5025
8502
3909
940
4805
2622
4868
5563
1423
3768
4902
1463
9811
9181
2407
757
3135
6453
7657
8577
4602
9145
9384
1219
7939
7079
448
4659
8382
7707
9160
2718
1113
4917
8360
1344
7579
4245
5178
4445
2554
9921
2256
9216
4596
2629
4298
4432
6568
9008
2777
7979
876
586
3928
5880
9118
2691
3000
7726
2174
209
7180
3715
4607
2184
351
4895
822
1063
3178
8889
1275
3212
6023
4680
6890
169
6622
5310
2781
6015
8091
9373
4931
1182
1842
527
989
2481
2226
4888
1246
7452
2271
2345
2741
8540
4609
2412
2279
9402
3611
5505
5831
3887
6704
7664
4562
9247
8990
8949
6068
7689
4945
6159
2117
7806
8784
3426
343
9823
3906
8341
8837
8289
7644
3823
942
3679
1939
8349
5559
4211
3032
3378
2404
2586
3542
1044
4478
4178
5965
1741
3490
3276
8819
3556
2507
6112
228
4935
9755
1184
2070
2456
5497
5270
6668
7541
6242
2881
6723
884
7308
641
3391
1858
4658
1567
3755
9531
4264
7740
8947
6164
3858
2165
4851
5561
9470
4088
1316
4829
3451
7004
8593
4376
2142
577
7881
7133
5918
6001
4801
1597
7455
5082
4433
2849
9885
6961
8898
940
2357
697
671
2015
2236
5905
8597
3332
420
1108
8071
2154
1566
1894
7433
305
2047
9015
9716
4081
3686
6622
3614
8263
2939
7350
8709
8776
7732
2002
5676
2509
5190
377
2473
2754
6334
6579
2140
6236
1980
4550
6714
4811
7929
2648
32
5561
7649
4128
803
871
7245
4817
7254
5735
7083
2407
9076
4886
7195
9820
5599
8417
5432
5562
6964
1189
9421
4679
3970
5468
6876
3480
2102
9135
9907
8803
335
292
7319
3148
1128
3604
1200
4805
5263
373
3123
6737
5670
3928
7502
7253
9040
2159
8950
8296
9379
2367
5683
8842
6140
2970
159
5334
3995
3766
2716
8118
5827
8280
2072
8784
7566
4048
8693
1995
7218
627
300
6592
8066
2684
9009
42
7965
9622
4439
9942
186
1612
9424
7967
4609
8476
7007
8157
3446
5866
811
1498
7656
5004
911
7390
1856
8718
9687
4993
3466
6956
1079
8752
2068
9091
777
3457
3961
117
7368
4373
9326
2773
7933
4216
8856
4105
4176
9090
7040
536
8549
1352
9815
8801
8935
3062
1773
1619
8186
9247
9934
9446
6477
3229
533
672
5900
5517
7700
3551
4197
3329
8497
6438
2171
4883
7071
6695
8533
7751
4543
598
7952
2930
8407
9726
8936
3266
156
7714
1684
2342
1931
8121
4438
9880
6296
4704
3683
8185
8205
8658
1390
3490
6339
5220
2855
3378
6631
4052
5990
5078
3086
435
4705
9337
1494
3548
4822
807
1735
2634
5361
9985
1867
1855
1399
377
2000
2290
8587
2368
3012
349
9546
5884
9207
4462
6590
3187
6872
5559
6635
6104
1724
6606
9256
1496
3416
5100
8387
2748
9881
2877
6450
5571
3297
1405
1624
4484
3822
2478
1378
4341
5464
3623
2066
2738
889
8820
131
7032
6957
1636
3934
6176
5998
9257
8261
5261
2599
9902
6960
6899
3903
5840
2487
136
3898
3975
2587
7803
2839
2106
9365
4395
4181
2295
640
8101
4540
6518
608
4596
4970
1355
5790
8246
8942
275
9573
4040
3143
6362
1886
3920
5517
4478
438
9624
1137
1930
8839
6914
6233
2328
4193
4852
2271
9539
1995
3704
8617
161
721
6080
9295
2365
1930
2548
50
4240
1194
3624
4402
8547
4660
6476
221
5445
8877
9702
1857
1016
6965
2610
7679
3693
8362
2643
7161
939
5976
9402
8279
5870
5422
2983
5642
5805
4624
3152
2549
7889
9574
6896
736
5216
2513
7686
7667
7717
4631
6825
663
2293
1847
7602
3195
8110
8401
5602
4003
9286
5386
9111
8264
1792
5344
8532
3126
1678
835
4415
821
5726
7154
3967
1441
70
1875
2463
1181
676
4976
9444
6307
9150
8740
5987
4023
7819
9787
7531
7404
9022
9148
3262
2504
464
8631
8944
9872
3981
4561
5989
6883
217
6004
4936
5139
7879
6162
3126
6236
5938
4421
3328
4311
5942
2804
9113
3052
9357
4509
5306
1891
3304
7011
1799
6577
3892
1464
977
1438
2930
2591
7200
6115
8986
2562
6091
3147
3804
848
6143
1658
6662
1295
1467
4602
5821
8950
6561
7659
9517
5893
515
9471
9254
4099
3579
3205
4205
8359
1247
6416
5185
1688
3307
3347
7220
7213
5325
3381
6713
5966
9247
8509
8366
3649
5229
2010
5545
7197
757
4941
4902
3317
1920
7037
2076
7729
6860
4887
8982
2886
8941
5445
9600
9726
6472
4974
7987
8119
7381
8607
3625
3181
947
3551
6645
2006
1105
5606
8870
1570
7660
7008
7602
6305
1514
1868
9767
6270
1271
9491
353
439
4398
3827
7025
3803
8908
8639
7177
255
4022
7425
9816
2150
1316
1722
2370
8368
393
71
6624
1255
6016
7412
5226
1934
7843
3295
8213
4604
5206
1718
6848
7889
8254
3187
8783
7120
6526
2842
3097
2466
8428
8615
7548
235
7192
5453
4989
9792
9497
1400
5877
1201
2868
9098
4422
6985
8601
5091
5960
5613
426
2573
5049
2304
578
1927
3895
8129
2939
5250
1842
7550
6974
4158
2826
7400
9864
4991
4741
2391
8306
8421
5106
3807
5840
5648
5021
9156
8765
1798
8519
1435
6881
7483
2040
5856
3567
5245
9657
5265
1558
6860
6854
4248
9557
8327
4226
8709
6273
7021
7121
3610
351
3570
7307
2005
7467
1242
6463
4929
6905
4738
9363
1142
6731
407
669
9490
2118
6970
3834
4619
5333
9475
833
1446
1567
859
4250
7513
1422
6312
2884
1745
4676
4909
1085
3312
177
35
8388
2325
8781
4728
8360
6820
7497
5713
7517
9150
7658
4736
6591
9303
3188
2503
8276
875
2738
5862
438
6609
6992
8950
3508
594
1855
7619
6465
1822
9322
7357
9313
2083
8581
1509
5838
606
1116
4012
3949
5854
3342
5099
9854
6685
9720
3580
8556
2173
6632
210
574
4314
9597
1780
5333
9831
1221
7766
4965
9877
9247
5695
9827
302
5422
4508
723
1680
6665
7671
9759
8725
1914
4583
3268
1893
9095
6822
873
8274
9062
4293
5190
9112
6783
5000
2486
6801
6176
6006
9385
3349
9047
4071
6607
7646
5272
9552
1263
5212
2858
6877
5508
8960
451
1849
2401
5014
8512
3440
736
4398
6893
6690
815
4955
505
716
3519
423
2022
3921
5503
659
8286
6410
9677
7842
7975
5621
6621
9543
5559
5661
5417
2185
8784
6229
8661
4934
2599
7472
8288
2736
5270
4987
6456
2357
3256
1653
7142
4556
6033
841
3190
8937
1374
4850
675
4041
2171
4559
7038
2892
6818
1193
8839
1233
1274
8630
6170
4276
2054
8585
7824
4550
5633
2768
5389
3300
9953
7320
4587
6323
8478
2065
3510
4719
2471
6480
812
3935
5555
4621
2763
8040
435
5396
5917
4077
6147
5223
1084
4626
5482
2867
2503
7448
3016
8640
3304
8606
9460
7375
4087
4850
9971
716
4413
4753
7683
4120
8761
4794
7818
2236
8720
7433
5822
9784
4116
237
6850
1312
7152
4731
6237
9960
841
5612
9562
6061
1703
3831
3176
2205
4474
8180
534
7913
8068
9718
984
1164
6394
2028
6462
6289
6807
3247
4146
5070
1627
3232
4524
3068
1756
8149
223
9356
8613
12
9874
8801
5191
1622
2417
4931
1619
5614
7762
541
6899
7908
1716
4397
9253
5686
4917
5125
8269
9947
3154
7594
1467
4493
4435
8471
9306
108
449
6324
7957
1178
9299
8057
9843
2182
5973
4772
9610
1531
4671
1194
5484
3605
8170
3718
1516
127
3815
6070
3232
5098
1088
8665
6858
2281
7335
698
7187
3946
5624
1512
5165
1439
2584
5721
8608
3659
4553
7071
9713
145
5514
6738
5277
1960
2110
7861
6322
717
6955
9179
6292
4379
3092
2859
91
635
1199
7562
4847
5275
7585
5664
5906
3160
6028
4046
1021
2450
5109
7857
5574
6744
6356
3088
9583
4349
3389
4898
172
9473
4376
6470
6990
6444
5219
786
8346
9725
5631
7974
2460
6991
2224
4438
2560
9849
832
2117
5932
8063
6841
3873
5608
9098
3606
9548
8022
5
3275
5741
7245
6301
7391
5374
900
1115
8674
9461
7941
5242
5700
1296
6818
7134
5397
8582
4520
1919
528
9733
3518
1272
8966
2108
2633
503
863
7892
2839
5670
2763
8342
6450
9890
729
6159
9599
6850
3538
1445
1176
1370
4176
690
2364
5545
7054
8473
3702
5023
5029
6104
9476
3541
2224
5973
7334
5283
2741
398
253
782
6623
2271
2479
7357
4846
6928
6405
9237
8983
7669
8380
9082
8558
2148
7096
8276
9743
7087
3448
2390
4190
7815
641
6659
8865
2909
7667
4755
8824
4316
4109
3141
1193
395
4746
1905
8210
5007
700
127
2068
4465
6040
7360
7724
394
4983
76
8877
9058
5540
5654
6949
7863
6592
8808
1630
5820
8492
1937
9261
1650
413
4667
3560
5239
7889
8164
7401
5192
66
4737
6388
3322
322
9725
1775
3281
8934
8471
7925
7591
5878
9766
8776
8455
6192
3330
3802
5938
275
2391
6514
8762
865
418
4052
1373
3800
2486
2505
6819
2674
3686
8992
803
9265
3627
7541
6866
7033
8349
6886
21
4012
1670
5772
647
5890
5104
9046
4560
4362
1464
4917
7675
8222
7626
2458
9904
5673
403
9480
6449
5967
1107
4918
2193
774
7974
9190
2566
5789
6936
8904
1926
5505
6493
4750
9194
4646
3406
5482
8696
3439
7944
2458
1210
8768
1318
2580
1640
1169
7637
1194
6631
8868
438
4054
2906
6752
3579
9872
7916
5914
6481
8771
7426
2560
2992
2171
1730
2876
3263
5258
2268
4920
785
3010
8022
8648
3708
3425
9456
5394
7551
1397
8151
5743
2273
3057
5068
2440
1845
2442
1067
3534
7566
2782
6958
9173
5032
8650
5776
9146
851
8763
7906
2379
8925
1712
8084
7427
6031
4257
3045
154
416
2522
8363
5084
620
1684
287
9935
7103
9289
1031
821
4191
8733
7353
8002
6052
8848
3617
5057
7648
310
4544
8787
3491
5772
6817
562
4973
7640
6409
7588
9397
913
3119
5044
4419
1874
8554
3349
8364
5841
2044
1561
7733
7085
8187
193
4358
82
1376
7182
640
7987
2505
106
7978
9575
1594
4847
4866
9724
4962
9462
2881
3443
1424
3278
5615
2310
3583
4178
295
269
6693
1808
8266
2983
1055
6406
7585
6624
6203
4891
6265
9226
6948
1411
8408
3013
7065
4843
280
3708
8482
8639
879
2581
8680
4290
5661
4910
4578
2049
6498
7197
6888
372
1295
698
1839
4996
8521
5188
7262
8242
3522
71
3198
3654
6494
14
4870
2602
5245
8740
3899
6587
1787
8053
929
5685
4302
6764
745
2675
2047
4155
8393
9067
2339
6577
117
7710
1174
2070
6322
5092
6446
240
5117
808
9383
5026
7796
5648
40
1976
6804
7758
3299
302
8585
3241
9768
6154
694
1757
4444
4587
6195
9367
1678
4130
1316
9917
9897
7160
1428
3175
2418
8806
142
1547
2936
121
6302
9276
8968
5096
2636
72
7351
635
5769
2038
7991
6875
7942
5020
1376
4565
649
1859
4045
5750
9130
5253
3710
7878
5751
2880
549
3629
5340
4492
160
7039
305
9647
9851
1418
2789
9347
1951
6124
2016
1044
8360
9278
1926
3022
9217
6407
1799
7853
8158
8282
7501
7186
991
1049
5566
1090
9345
9756
9523
3722
5294
1278
1878
953
6571
8294
5168
9958
1776
1301
9908
7920
3735
8087
6892
4432
5952
2730
3662
4141
1830
7487
6333
1878
9537
3119
8656
8803
5851
1699
3
2195
6601
8293
5749
7083
7401
974
6450
924
1239
1841
6077
6857
8373
9580
3451
2904
4156
1135
5137
6615
6095
5382
1893
7807
4945
9999
1416
3453
9637
6365
4107
77
1299
7714
1320
5441
2338
9809
7030
4979
6279
2739
2902
9989
1410
9475
3504
9956
9667
5753
4647
4717
6561
3387
6100
1219
6401
7942
2139
7401
9558
2998
1286
4874
7733
6000
5559
660
8261
8010
566
4347
4104
159
337
3356
2481
1904
6397
5469
6496
1459
3786
3885
1719
9390
3515
7912
1615
101
9039
4396
7671
9629
5421
3282
1454
8028
2256
5409
3917
2844
1696
1657
5188
301
614
6403
3050
2744
8738
4498
1545
6669
906
8099
9212
7400
3155
8343
2485
7647
9045
8160
8970
6169
6675
4474
4737
7055
1903
4452
9647
988
1553
3652
9763
2129
8697
1419
8776
7112
4862
8870
1363
4542
2851
1002
8723
7321
4069
4053
4873
3913
2924
6270
3799
3535
2686
9018
3625
6139
1667
5995
841
4286
4851
558
5117
7254
8336
7083
8703
1737
9566
5373
2785
175
6798
4429
3319
5673
5751
7415
2986
7850
9579
5734
8063
5282
9852
6228
9442
9678
7794
2638
5446
8866
8029
7076
9691
2294
5885
1470
8985
6986
5349
3137
4346
7551
3485
3624
6736
8256
5700
7951
389
4251
3010
2991
4707
9116
2494
9834
7401
2108
7640
9024
3943
6928
9927
3919
2146
9722
4738
1025
9788
4282
8430
6000
2502
6442
1388
513
1798
6229
9491
1187
3979
9842
2250
1195
5857
5039
2370
575
9799
6050
4068
6877
9345
6324
9194
7418
7623
9566
1479
7014
3519
4675
8163
6107
5821
7009
490
8264
7728
1982
8037
1172
2617
6454
5046
4100
4679
8732
8061
7106
7353
4163
1225
3738
214
1553
6655
6177
7248
3970
2889
2232
4751
2477
7667
9304
1680
6143
5374
8847
4550
4105
2847
7818
8013
2896
4261
2891
1278
5094
2739
8891
1505
4372
9661
9355
3450
4425
5893
4269
355
4312
1017
3758
9093
5806
6421
140
8786
5742
2421
8535
3358
9214
2557
3248
1317
3407
5725
7317
7291
3764
4899
2154
1232
3997
727
380
2816
8312
5854
7254
250
1106
8493
238
3088
9089
8725
2207
6475
4122
4105
5536
2674
4203
5533
2291
1815
6413
8039
43
8699
8576
6977
6591
9412
8863
2527
5096
5079
6041
7324
475
9887
5167
8286
2253
721
2320
161
2228
4682
3519
842
3169
9659
9363
9480
7028
8464
8436
8564
6402
273
5811
8554
1674
4128
1902
826
4225
6562
3629
7128
434
6798
3631
5649
7507
5917
3280
1570
9495
6253
5812
5361
5181
7734
3809
6932
50
9383
5499
6631
6642
7476
922
202
4077
6612
6612
8125
8819
1495
5936
5665
1053
6390
409
6370
6028
3715
1974
1111
5184
6867
9069
149
4461
451
3373
3940
319
4970
776
4842
1064
6997
486
2957
5876
3429
1572
895
9305
5155
2751
8001
317
147
4308
8791
7325
7438
904
6335
7409
4388
1448
9775
8407
774
5740
3627
3239
2673
7806
3849
719
1095
4602
4056
5905
7451
495
2600
2143
1079
1806
30
4117
1069
9831
4314
6142
4582
6614
2881
4066
4441
7432
6675
5550
710
4550
5103
7689
7945
7656
6632
7349
8901
7283
9222
5545
253
2886
9874
6944
8304
4193
6331
2582
1418
5658
7338
942
1426
7484
8656
6059
4925
9782
6277
3663
7926
8505
5195
2902
5391
4910
4197
3423
5174
2681
5216
3786
610
8768
5890
1697
6740
5937
5762
249
1101
4094
4132
5051
7211
4162
6263
462
8999
574
2424
9118
1006
5560
7619
1748
7690
6972
1553
3394
9995
2908
7408
8737
443
3553
333
2658
1594
6960
9318
8988
4021
6029
2562
3832
4373
144
5690
1230
8647
3735
4424
4600
257
6097
2780
5049
1149
4143
4006
9767
4385
2369
253
8192
6685
5395
4609
3658
3830
3606
8867
2039
1255
3436
5098
4977
2998
3788
7374
7547
1282
323
4747
6260
8484
2809
8481
4346
773
5283
1509
7451
2955
9551
4603
1653
5776
4369
7147
8978
5535
2033
7400
5041
4868
2386
3345
6821
1000
7803
2052
7361
6768
6458
8485
4062
7621
3992
9708
3877
6913
263
2886
8547
2098
1416
9083
1703
8832
3446
9201
8628
6640
8396
2012
9249
2922
9705
1393
6099
9463
1661
3346
2970
3231
4147
684
6496
1067
541
4031
1784
4661
3271
2065
5272
9146
8853
2944
3452
3302
1642
7988
7554
8602
3423
722
8371
4447
9235
1141
7916
2600
3609
4413
5253
6916
9916
5316
7951
733
2588
637
8291
9414
7417
3968
3370
6331
6740
103
4069
6761
7941
2797
7821
3672
5792
4367
9808
3426
2312
2050
1832
9400
6114
9184
1052
8857
6811
8355
9230
3538
4993
2719
715
1006
9697
8139
1185
9455
7351
2041
7706
9132
7072
1155
4658
813
6591
1582
1125
5549
5508
4525
8420
538
8805
8890
3301
8233
2916
4512
9519
8384
873
531
1769
5222
2083
6816
3974
7653
3182
353
6074
272
4343
2699
2329
4959
4526
240
2267
5230
7231
3681
8030
468
4299
177
2200
807
4838
2952
6539
2840
2521
9322
8260
6541
9386
9435
8729
9774
7608
3471
2368
5155
8451
8149
6195
6106
6562
8341
3707
2677
2246
4290
1154
7191
2501
1301
924
1906
4616
3167
2815
230
3813
3235
7751
5021
4439
5787
5573
5091
1510
2492
7622
3760
1314
2875
2016
6149
3982
6093
4245
6497
9245
3863
595
8230
8169
1070
4041
8085
8512
6824
5158
4441
656
2138
1342
5217
398
1174
1668
775
2768
8616
1167
9753
6668
7393
5877
9625
9284
4774
7923
8523
8922
6318
985
9950
2641
9521
6852
3369
1747
7487
6578
4685
7334
3182
3105
9176
1534
6799
5752
2808
4425
3470
3729
630
2697
842
1562
776
5192
4415
8801
3739
8900
6635
5518
4338
1154
1392
2577
877
4322
8299
9028
5281
2038
6481
2419
3487
4288
6701
8091
2486
9022
5116
4098
5453
2589
356
7253
1800
7959
6076
8177
7332
8686
2840
5785
699
7663
8766
8022
143
4223
4875
8485
6126
4442
8448
8591
6215
8422
8075
6487
8491
6323
6316
4716
3785
2538
65
1749
799
4138
778
2918
8246
123
1696
6594
9198
697
1721
5823
5521
8678
7949
8262
4147
6630
7971
1012
4140
1764
1039
3377
9883
9588
9685
1009
2371
8123
2001
8161
7598
7017
7224
6005
3446
1958
240
6004
2746
1854
9393
5519
6701
2252
966
9813
8374
8053
569
7155
4566
9053
7609
9034
3100
7400
3034
8658
437
688
4224
1075
8696
3559
8225
8504
1454
1945
4817
2190
6390
1967
8266
2287
2371
5519
6675
7631
8622
9872
2635
4317
7555
4845
3595
8545
9408
8190
2906
6046
8923
1582
5568
2058
7630
8318
6823
3143
4027
2462
8359
6430
3237
8378
765
2599
788
5323
6663
7580
725
5402
36
565
8053
9907
3520
3851
9964
9679
9095
3264
9038
8770
3267
4809
6399
6208
4656
4052
8696
3533
3604
6160
1514
6205
1080
9176
4081
996
7757
4086
1527
5325
5322
3521
1546
5003
4005
7722
4799
2972
3179
4347
3367
5095
7391
4466
5112
5956
6200
4580
667
2611
8883
7191
1798
3875
9051
1849
8827
4343
9769
8968
1923
5009
1738
3713
3449
9745
3263
1396
2203
6934
9253
5724
355
9257
2793
6418
8813
6614
4064
8125
4796
3178
3420
8915
6442
8130
1723
7670
5952
2157
8895
456
3203
4210
2425
8357
3358
3678
1017
5366
2693
4804
2377
3733
3358
3159
6836
2541
1083
2634
3035
2213
280
1645
4172
8745
1590
2822
7271
5319
8022
5592
5444
46
8038
8798
2522
6144
6832
4435
3060
5136
5597
8697
5432
9992
801
9687
5557
3283
1295
9181
6588
3319
9122
6682
177
1559
39
3680
6768
537
6406
5698
7344
7101
9360
2332
5694
4560
638
692
5709
6647
9573
7899
6616
1582
6212
4179
7944
1903
7264
3989
4025
8840
9003
2125
924
1356
8622
964
6106
3152
7667
2524
8729
9899
1354
8331
633
8469
3993
998
2646
603
3473
9941
3745
1224
67
8594
5346
5860
5736
4866
3272
2418
1674
8503
8098
7235
1409
4339
5938
9674
4586
2557
8980
7050
9169
6717
228
7881
3546
9475
7909
6267
1343
3422
5368
9061
8379
9699
1289
28
5617
246
7416
2801
9251
6311
8225
2851
234
3397
7060
9654
5060
2972
6016
917
962
6695
2054
3350
8366
7465
2314
6260
6956
7005
1075
8251
3135
9036
8856
1709
3050
5910
4057
4340
5140
6179
7798
2858
8491
7377
7648
149
2415
8255
1207
8371
7405
4452
8100
1685
7645
7939
1661
8152
7932
1157
5844
2247
5236
9973
9716
1197
4541
5351
6604
9149
8914
1676
5776
4783
8896
9195
4858
990
9817
2165
3845
8701
5798
2704
846
8683
936
7171
4063
5110
4250
5905
6408
3984
335
5552
7622
8517
7660
6451
5608
7063
1651
2057
9457
5730
8675
3317
2789
8449
3081
671
8334
5767
7311
7143
6448
2533
9127
1033
261
7369
1288
1494
4900
3010
5268
1793
4448
3345
1574
6341
3329
3367
6557
6781
7050
3742
3247
5116
8
7619
4383
5614
2030
3579
7570
641
6672
3192
9103
5089
9390
6628
6190
8238
5776
157
7157
6447
463
6883
8869
9443
6876
6740
7341
4968
9210
531
93
2707
9286
4012
1026
2642
2986
5674
9464
1322
5440
4627
5121
1257
4241
6485
6951
6701
7176
8318
1006
6893
6585
6799
4654
3125
8749
4939
8737
5290
6237
2602
1431
6142
3099
6396
5802
5379
5602
3548
5252
102
693
5835
1008
5836
1763
7612
5203
391
9789
640
7791
892
9524
3200
6122
2487
9357
7900
3893
8047
6936
4175
5084
2838
3196
8978
8158
7845
683
1572
1100
3629
3066
905
6201
750
5792
8818
1363
1138
9736
8347
5500
5597
4810
539
6617
9899
274
3316
6021
7701
9655
7205
3165
6517
751
8169
2640
2784
9454
7358
9708
8217
9540
4163
7826
8620
6998
5373
6695
540
6538
2755
8310
8589
8674
9487
8028
2658
2362
8259
7571
7367
5551
3398
3974
5860
7740
9683
9998
7622
6178
8578
1684
2379
8638
7283
6056
648
2713
7997
2901
4901
6620
5482
1164
6900
8895
4575
7843
1264
142
9982
423
1195
9786
2342
2667
6143
189
1966
881
7315
5374
9072
4361
7959
1072
5931
9950
1392
3431
7381
9944
4364
5358
2671
747
69
2234
7074
6965
3165
1841
8735
7481
6196
8156
489
2593
6297
4617
9913
459
747
7117
5586
9526
7547
1122
3204
5828
2964
4624
6452
7832
2760
38
6058
5837
7116
1595
2598
3909
3115
5000
7715
5475
6639
1592
8164
9803
584
3339
3653
6774
3518
6923
9197
7247
9772
3144
3200
8947
9030
1246
4001
8540
5388
903
4721
6159
2098
4652
5476
4703
2019
6004
7343
5747
9401
111
2888
5955
2958
3400
5244
9624
971
9677
4315
5837
840
8811
6064
3972
8394
3651
4878
1870
999
9175
87
5736
6870
2006
7705
5932
7863
8950
4756
7513
9579
3451
7845
9661
257
7244
5990
5631
6002
4376
7569
5711
6588
8884
5319
3287
8587
1504
6309
8368
1126
5474
4748
227
25
7151
9085
952
5694
9312
1762
2021
4922
6801
6257
7389
967
6402
3716
1150
7660
9247
5868
6622
1606
4375
9148
7986
6687
4419
7344
6359
2641
6387
6388
4106
8703
7618
9637
3106
8159
5038
9936
6689
2614
5549
790
9786
2627
7930
2320
2186
7788
5159
708
1878
9606
8125
8621
5650
8002
1099
4265
1275
1968
5403
9379
8534
414
2152
8685
3348
6765
611
2991
2623
9311
9178
4009
6057
3585
9361
5360
8756
2100
5159
8570
7482
5679
4510
4500
578
8997
3987
5103
7060
774
8661
4722
7211
6169
2256
9373
476
9244
8972
5420
7177
2169
8085
2567
429
4117
2565
2065
8641
5739
5508
9175
6808
6832
1898
2856
5903
7651
8107
4351
2778
5508
5930
1850
651
4456
6797
9888
1330
9987
4884
9512
3127
9739
1394
5313
7593
1944
4072
6461
6433
1923
6462
1321
5265
9485
7914
379
4271
9399
3471
2824
1137
4622
2643
1670
6238
6236
1916
5973
7319
2677
736
8653
855
5996
6048
7069
5439
6584
5262
3960
3580
1647
7917
856
9046
4609
6584
1166
6541
6419
5617
1930
6517
2061
8375
8505
7096
9723
9075
1358
29
8099
9141
3757
1188
7808
467
9268
3437
846
4939
7686
4137
9511
9243
9490
6704
1788
2624
1629
9651
751
9431
901
7059
8805
2136
8794
7620
7543
9972
5716
7509
3904
3932
5481
2505
4161
9668
1238
4143
7316
7728
5695
1480
7930
7793
7006
2817
8885
1802
5309
7100
7447
1707
9277
8667
8241
6697
2382
5673
1672
1649
5894
873
9223
178
234
5580
3763
6985
2544
2120
1387
7485
2336
3022
3736
9420
9128
1013
5129
5977
8735
5741
4664
8616
62
2197
4654
6814
4263
7463
7286
5564
2472
5667
1835
4822
2257
7753
7559
1427
9054
1900
9257
3190
5713
9961
9371
6256
4931
8820
7569
1370
544
5695
2913
153
6209
608
116
8036
926
6948
2722
5081
4834
5822
5014
6668
1188
8913
7164
1376
3453
3703
6922
6835
6484
1475
2903
100
2826
8398
1883
5443
9894
5916
5020
6777
2755
1683
8613
1649
7637
9523
501
2106
9177
4177
8355
9890
4948
2704
5069
6017
1657
6193
7917
6841
8772
6077
3668
4735
7704
16
5211
2528
5066
7279
5187
8917
803
8236
3913
9504
301
5516
3739
3930
3202
4817
7657
2307
3119
3012
5152
122
3330
5865
3787
3701
7999
8179
8004
6677
8014
3878
3944
7621
4312
7973
7040
1899
8990
9438
9088
6711
8790
5564
5716
6140
2454
3987
3639
3956
8419
1362
1616
4693
4864
5090
9198
9200
3493
1486
919
2623
233
7235
1491
6423
1572
6118
9617
5229
7776
5759
3317
3681
3924
8440
1331
7766
150
7646
1247
4012
4540
4049
8258
6653
2262
9251
2757
9222
8775
7839
8405
7504
8519
6465
6479
1555
4073
9293
4569
6336
4369
8410
6179
2660
8044
7935
769
6424
3759
1433
9051
5847
240
6907
8083
6183
8977
4838
4161
2320
3361
396
6454
9937
7353
5813
5161
7458
1961
9775
3693
856
3077
4911
9642
6129
7870
5598
8608
4327
8482
6333
5463
7342
8787
2559
7265
1613
8382
297
2578
9235
5133
2249
2975
3974
1957
6242
5307
2232
2774
3311
4463
3984
7739
8196
2770
5328
7264
1954
8313
3380
6229
9834
3837
7028
4932
9111
1150
4795
8547
3549
9075
1665
7198
4458
5722
828
1936
5668
4173
1629
291
6377
1553
5172
1870
1480
9603
592
9788
1937
4349
6429
1984
9197
3006
5299
8412
5947
9042
2845
5092
512
3684
9225
4235
2799
6785
3282
2474
1943
3393
1596
7780
6684
3089
9852
8281
8665
5158
3452
9508
558
5007
6610
9200
2647
9680
8001
1453
424
2416
5989
6626
1328
6536
9779
2693
2327
937
9071
4695
6321
8117
7845
8544
2753
8648
5299
6108
3153
7017
9746
789
5590
3337
4535
5505
7074
26
1588
3118
8784
1829
2051
9526
7404
4969
6452
149
3310
7160
5954
7728
6086
8757
3187
2440
7161
8066
6447
3998
4382
1893
8300
3406
2669
5200
1037
7991
2001
4274
5619
2302
9348
5954
5910
4492
6067
8319
1140
7783
2196
5150
2798
5992
1064
2019
4702
6833
150
2095
8344
9007
3578
7590
8736
6891
3529
8645
6857
2204
3933
8461
8147
9035
1542
3652
8379
133
2848
8694
6373
8842
6927
8663
1802
9231
9095
2308
2343
651
498
4203
7841
9906
5930
6611
8724
1759
7218
9018
964
7422
1462
8935
3851
3735
7002
3763
4451
7411
3639
4569
3986
1455
5721
9502
2081
4914
5788
9504
7796
1222
6302
6207
1706
9729
620
8241
3105
4930
4928
6620
2915
3829
7731
8951
7380
7991
4813
8067
2229
5332
7857
4931
7012
5928
218
6386
4186
6428
4531
3810
5971
7713
1222
9741
1120
5255
7229
4121
3115
8761
658
9520
2484
7019
1655
157
3724
6770
2122
4090
101
7721
7276
2464
3365
1372
9195
5778
9512
4234
4056
6677
399
1118
650
5202
2607
7990
7832
2126
762
693
4952
3467
4675
8336
2448
9992
4274
62
2663
7415
4307
442
3710
8250
438
8758
6377
9748
6059
1452
4609
8881
4706
3981
9122
1366
6369
6453
7550
5733
8938
9995
3329
9408
2769
3809
7789
5029
8923
9202
1504
9451
1571
6640
2370
9957
7408
2399
4764
3849
1613
8083
6066
9309
6084
6071
8761
695
9214
1082
3623
7821
2511
6929
8477
4311
7113
4302
5482
6629
969
1349
825
6857
9948
5157
7310
8066
1611
9164
3958
3971
1689
3701
4121
855
3929
4019
3324
6698
5047
7094
5814
7841
5579
3683
6940
4642
8162
8058
2845
3106
6917
8135
2880
265
7259
9209
9360
927
8760
696
9084
50
7124
9652
6133
8810
2809
7623
383
3094
978
8783
1582
3875
5534
2983
1279
6266
8217
2669
9903
3552
6320
852
7053
3553
822
3856
3595
4720
4659
2397
7937
4352
8010
5765
718
5926
7550
8130
1833
539
7676
9750
2129
8133
6553
9005
4731
4276
7930
3095
2710
6092
792
5533
3730
6272
2600
2580
7988
8952
4028
5662
8435
8580
847
7230
5864
9769
2266
5352
8716
88
836
9364
5875
6569
8723
8919
7000
1816
9125
9319
6789
1564
9687
1846
3560
2477
2036
4446
3327
4970
142
2881
6510
2014
1316
3548
7287
9322
3141
4962
2011
2578
4378
2622
5256
1428
9657
7160
7549
3680
5579
6172
9826
4709
8872
6871
8892
9000
3671
3388
7733
7820
2026
3746
9945
7955
2854
3861
5254
5175
1633
7677
8675
4164
7309
4211
7185
7066
6590
2133
2819
4876
6897
9646
9390
3969
3054
1802
3141
4444
4656
8286
5652
9753
7228
4191
553
633
2676
7301
8573
5797
1906
2374
2048
7902
7497
5663
7400
4662
9685
1827
2411
1539
569
2858
923
2379
4355
5977
4901
1053
720
810
520
3346
2025
8921
6936
3119
3659
6553
4390
9288
3559
7022
2970
4523
7599
1489
6471
7391
4401
8479
4759
2829
5876
4114
9185
4370
3268
8174
6277
6699
2400
7520
5077
1097
1855
8702
5877
8575
8726
4282
1003
3133
7437
3122
7979
3546
9888
6400
4779
2867
9505
7510
6651
2240
6051
7690
7469
7911
End unsorted array
Begin sorted array
3
5
5
5
6
7
7
8
10
10
11
12
12
14
16
16
17
17
18
19
21
22
22
25
26
28
28
29
30
32
33
33
34
35
36
36
37
38
39
40
41
42
42
43
46
50
50
50
51
53
58
59
62
62
64
65
65
66
66
67
69
70
71
71
71
72
76
77
78
81
81
82
82
82
86
86
87
88
90
91
91
93
96
96
96
99
99
100
101
101
101
102
102
103
103
104
106
106
106
108
109
111
111
112
113
114
116
117
117
117
118
121
121
122
123
123
124
127
127
131
132
133
133
134
136
136
137
140
142
142
142
143
143
144
145
147
148
149
149
149
149
150
150
150
153
153
153
154
154
156
157
157
157
158
158
159
159
159
160
161
161
163
164
165
167
169
169
172
174
175
175
175
177
177
177
178
180
182
186
189
189
189
190
191
193
193
194
195
195
198
200
202
202
203
204
206
207
209
210
210
212
212
212
214
217
218
221
221
223
223
224
225
226
227
227
228
228
228
229
230
230
233
234
234
235
235
237
237
238
238
240
240
240
240
241
241
243
246
249
250
250
250
250
251
253
253
253
254
254
255
255
256
257
257
258
259
259
260
260
261
261
261
262
262
263
265
266
266
269
269
270
272
272
273
274
275
275
275
275
275
277
279
280
280
283
286
287
287
287
288
288
291
291
292
295
297
300
301
301
302
302
303
304
305
305
307
310
314
317
319
321
321
322
323
323
324
324
325
326
327
328
330
332
332
333
333
333
335
335
335
336
337
339
339
340
342
343
343
343
345
347
349
349
351
351
352
352
353
353
355
355
356
356
356
357
358
358
359
360
361
364
366
367
367
368
370
370
372
372
373
377
377
379
379
380
383
383
384
384
385
385
388
389
391
392
393
394
395
396
397
397
398
398
398
399
399
401
403
403
405
407
409
410
411
412
412
413
414
416
418
420
420
420
420
421
421
421
423
423
423
424
426
429
430
431
433
434
435
435
436
437
437
438
438
438
438
439
439
441
442
442
443
444
446
446
448
449
451
451
451
455
456
457
458
459
462
463
464
464
466
467
468
468
468
471
473
474
475
476
477
478
484
486
486
488
489
490
492
493
494
494
495
498
499
501
503
503
505
507
508
510
512
512
512
513
515
518
520
521
524
524
525
525
526
527
528
528
528
530
531
531
533
533
534
534
534
535
536
536
537
537
538
539
539
540
540
541
541
542
543
544
544
545
549
549
551
552
553
553
554
555
558
558
560
560
562
562
564
565
566
569
569
569
573
574
574
575
575
575
577
577
577
577
578
578
581
582
584
585
586
589
589
592
594
595
595
597
598
601
603
603
605
605
606
606
608
608
608
610
610
610
611
611
611
613
613
614
616
620
620
621
622
622
625
627
628
629
629
630
633
633
635
635
635
635
636
636
636
637
638
638
639
639
640
640
640
641
641
641
642
643
647
647
648
648
649
649
649
650
651
651
652
654
656
658
658
659
659
660
661
661
662
663
665
666
667
669
669
671
671
672
674
675
675
676
677
679
680
682
683
684
685
688
688
689
690
692
693
693
694
694
694
695
696
697
697
698
698
698
699
700
704
706
707
708
708
710
710
713
713
714
715
716
716
716
717
717
718
719
719
719
720
720
721
721
722
723
723
725
727
729
729
733
734
736
736
736
738
739
741
741
742
742
743
743
745
745
745
747
747
749
750
751
751
752
752
753
754
754
754
755
755
756
757
757
757
757
758
758
759
762
762
765
769
771
772
773
773
773
774
774
774
774
775
775
776
776
777
778
780
780
781
782
782
783
784
785
786
788
789
789
790
790
792
794
794
795
796
797
797
799
801
803
803
803
803
803
803
807
807
808
808
810
810
810
811
811
812
812
813
813
815
819
821
821
821
822
822
822
825
826
826
826
828
830
830
830
832
832
833
835
836
836
840
841
841
841
841
842
842
843
846
846
846
847
848
848
849
851
852
852
854
855
855
855
855
856
856
859
861
863
863
863
863
865
866
870
870
871
872
873
873
873
873
874
874
875
876
876
877
879
880
881
881
883
883
883
883
884
886
887
888
888
889
889
891
892
895
897
900
901
901
903
903
904
904
905
906
907
909
909
910
910
910
911
913
913
916
917
919
919
921
922
922
923
924
924
924
926
926
926
927
927
929
930
933
936
936
937
937
939
939
940
940
941
942
942
942
947
948
950
951
952
953
955
955
957
959
960
962
962
964
964
965
966
966
967
969
969
970
970
971
973
974
976
977
978
978
982
984
985
985
986
986
986
987
988
989
990
990
991
991
992
996
998
999
1000
1002
1002
1003
1006
1006
1006
1007
1008
1009
1011
1012
1013
1013
1014
1016
1016
1017
1017
1017
1020
1021
1021
1025
1025
1026
1031
1031
1031
1032
1033
1033
1037
1039
1040
1040
1041
1042
1042
1044
1044
1044
1047
1048
1049
1049
1050
1052
1053
1053
1054
1055
1055
1057
1059
1060
1061
1062
1062
1063
1063
1063
1064
1064
1067
1067
1067
1069
1069
1070
1071
1072
1072
1072
1073
1073
1073
1074
1075
1075
1075
1079
1079
1079
1080
1082
1083
1084
1085
1087
1088
1090
1090
1091
1093
1095
1096
1097
1099
1100
1101
1101
1102
1103
1105
1106
1106
1107
1108
1108
1111
1111
1113
1114
1115
1115
1116
1118
1120
1120
1122
1123
1123
1124
1124
1125
1126
1126
1127
1128
1129
1129
1135
1137
1137
1138
1138
1140
1141
1142
1142
1147
1149
1149
1149
1150
1150
1154
1154
1155
1157
1162
1163
1164
1164
1164
1164
1165
1166
1167
1169
1170
1171
1171
1172
1174
1174
1176
1176
1177
1178
1180
1181
1182
1182
1184
1184
1185
1185
1187
1188
1188
1188
1189
1190
1192
1193
1193
1193
1193
1194
1194
1194
1194
1195
1195
1195
1197
1197
1198
1198
1199
1200
1201
1205
1206
1207
1207
1209
1210
1210
1213
1213
1215
1219
1219
1219
1219
1221
1221
1222
1222
1222
1224
1224
1224
1225
1227
1230
1232
1233
1234
1235
1235
1238
1238
1239
1239
1239
1240
1240
1240
1242
1246
1246
1247
1247
1247
1248
1251
1252
1253
1253
1254
1255
1255
1255
1256
1257
1257
1263
1264
1265
1267
1268
1269
1271
1272
1273
1273
1274
1275
1275
1276
1278
1278
1279
1282
1282
1285
1286
1286
1287
1288
1289
1290
1290
1291
1291
1292
1292
1294
1295
1295
1295
1296
1296
1297
1299
1300
1301
1301
1306
1308
1310
1312
1314
1316
1316
1316
1316
1317
1318
1318
1319
1319
1319
1320
1320
1321
1322
1323
1327
1328
1330
1331
1331
1341
1341
1341
1342
1343
1344
1349
1349
1352
1352
1352
1354
1355
1356
1357
1358
1358
1358
1360
1362
1362
1363
1363
1366
1369
1369
1370
1370
1370
1371
1372
1372
1373
1373
1374
1375
1376
1376
1376
1378
1379
1379
1380
1383
1383
1387
1388
1388
1389
1390
1392
1392
1392
1393
1393
1393
1394
1394
1394
1394
1395
1396
1397
1399
1400
1401
1402
1405
1405
1408
1409
1410
1411
1411
1414
1415
1416
1416
1416
1418
1418
1419
1421
1422
1422
1422
1422
1423
1423
1424
1426
1427
1428
1428
1428
1430
1431
1432
1433
1433
1435
1438
1438
1439
1441
1442
1442
1445
1446
1448
1448
1448
1448
1452
1453
1454
1454
1454
1455
1457
1458
1459
1460
1462
1462
1463
1464
1464
1465
1466
1467
1467
1467
1470
1470
1472
1472
1475
1476
1477
1479
1480
1480
1482
1484
1486
1486
1487
1488
1489
1491
1493
1493
1493
1493
1494
1494
1495
1495
1495
1496
1498
1499
1499
1502
1504
1504
1505
1506
1507
1508
1509
1509
1510
1512
1514
1514
1516
1522
1522
1525
1526
1527
1530
1531
1532
1532
1532
1533
1534
1535
1538
1539
1539
1542
1542
1542
1542
1542
1543
1545
1546
1547
1548
1552
1553
1553
1553
1553
1553
1555
1555
1558
1558
1559
1560
1561
1561
1561
1562
1563
1564
1566
1567
1567
1567
1569
1569
1570
1570
1570
1571
1572
1572
1572
1574
1578
1579
1579
1581
1582
1582
1582
1582
1582
1583
1587
1588
1588
1590
1592
1593
1593
1594
1594
1594
1595
1595
1596
1597
1598
1602
1603
1605
1606
1606
1608
1609
1611
1612
1612
1612
1613
1613
1615
1615
1616
1619
1619
1622
1622
1623
1624
1627
1627
1629
1629
1629
1629
1629
1630
1631
1632
1632
1633
1633
1636
1636
1639
1639
1640
1641
1642
1643
1643
1644
1645
1645
1646
1647
1649
1649
1650
1651
1653
1653
1653
1655
1655
1655
1657
1657
1658
1661
1661
1661
1662
1662
1663
1665
1665
1665
1667
1668
1669
1670
1670
1672
1674
1674
1674
1675
1676
1676
1676
1678
1678
1679
1680
1680
1682
1683
1684
1684
1684
1685
1685
1685
1685
1686
1688
1689
1690
1695
1696
1696
1697
1699
1699
1701
1703
1703
1706
1706
1707
1707
1709
1712
1712
1715
1716
1716
1718
1719
1721
1721
1722
1723
1723
1723
1724
1725
1725
1725
1726
1726
1726
1728
1729
1730
1734
1734
1735
1737
1738
1738
1738
1739
1741
1745
1747
1748
1749
1751
1752
1756
1757
1758
1758
1759
1760
1761
1762
1763
1763
1764
1765
1765
1765
1767
1769
1773
1773
1773
1774
1775
1775
1776
1778
1779
1779
1780
1782
1782
1783
1784
1786
1786
1787
1788
1790
1792
1792
1793
1794
1794
1797
1798
1798
1798
1798
1799
1799
1799
1799
1800
1802
1802
1802
1806
1806
1808
1808
1810
1814
1815
1815
1816
1816
1818
1820
1822
1822
1823
1823
1824
1825
1827
1828
1828
1829
1829
1830
1831
1832
1832
1833
1835
1835
1836
1837
1837
1838
1839
1841
1841
1842
1842
1842
1843
1843
1845
1845
1846
1846
1847
1847
1848
1849
1849
1850
1854
1855
1855
1855
1856
1857
1858
1859
1859
1861
1864
1866
1867
1867
1868
1870
1870
1874
1874
1875
1878
1878
1878
1878
1879
1883
1885
1886
1886
1889
1891
1893
1893
1893
1893
1894
1895
1895
1897
1898
1898
1898
1899
1900
1901
1902
1903
1903
1903
1903
1904
1905
1906
1906
1906
1909
1910
1911
1911
1911
1912
1914
1914
1916
1916
1917
1919
1920
1921
1923
1923
1923
1924
1925
1926
1926
1927
1927
1930
1930
1930
1931
1934
1934
1936
1936
1937
1937
1937
1938
1938
1939
1941
1943
1944
1945
1945
1947
1948
1948
1951
1952
1953
1953
1954
1956
1957
1958
1960
1961
1965
1966
1967
1968
1970
1974
1976
1976
1978
1980
1982
1982
1983
1984
1986
1995
1995
1995
1995
1997
1997
1998
2000
2000
2001
2001
2001
2001
2002
2005
2006
2006
2010
2010
2011
2012
2012
2013
2013
2014
2014
2015
2016
2016
2019
2019
2020
2021
2022
2022
2022
2025
2025
2025
2026
2026
2027
2028
2028
2028
2029
2030
2032
2033
2033
2035
2035
2036
2038
2038
2039
2039
2040
2040
2040
2041
2044
2047
2047
2047
2048
2049
2050
2050
2051
2052
2054
2054
2056
2057
2058
2058
2061
2061
2062
2062
2064
2065
2065
2065
2066
2068
2068
2069
2070
2070
2070
2071
2072
2072
2072
2072
2076
2076
2080
2081
2083
2083
2083
2085
2092
2095
2096
2097
2098
2098
2098
2100
2102
2102
2106
2106
2106
2108
2108
2109
2110
2110
2114
2116
2117
2117
2118
2119
2119
2120
2122
2122
2125
2126
2128
2128
2129
2129
2131
2132
2133
2136
2137
2137
2138
2139
2139
2140
2142
2143
2143
2144
2144
2146
2147
2148
2150
2152
2154
2154
2154
2157
2158
2159
2159
2162
2164
2165
2165
2166
2167
2169
2170
2171
2171
2171
2173
2174
2175
2176
2177
2179
2180
2182
2182
2184
2184
2185
2186
2190
2191
2191
2193
2193
2195
2195
2196
2197
2198
2199
2200
2200
2203
2204
2204
2205
2206
2206
2207
2207
2209
2210
2210
2211
2211
2212
2213
2213
2214
2216
2219
2221
2224
2224
2226
2228
2229
2231
2232
2232
2234
2234
2236
2236
2238
2238
2239
2240
2241
2241
2243
2244
2245
2246
2246
2247
2248
2249
2249
2249
2250
2250
2251
2252
2252
2253
2253
2256
2256
2256
2257
2257
2257
2260
2262
2264
2265
2266
2266
2267
2268
2270
2271
2271
2271
2272
2273
2275
2279
2279
2279
2281
2281
2281
2282
2282
2286
2287
2287
2287
2288
2289
2290
2290
2291
2293
2294
2295
2298
2302
2302
2303
2304
2304
2304
2305
2305
2306
2307
2308
2308
2310
2310
2312
2312
2314
2314
2315
2317
2320
2320
2320
2322
2325
2327
2327
2328
2329
2332
2336
2336
2336
2337
2337
2338
2338
2339
2340
2342
2342
2342
2342
2342
2343
2345
2345
2345
2345
2346
2346
2348
2351
2355
2355
2357
2357
2360
2362
2363
2364
2365
2365
2366
2367
2367
2368
2368
2369
2370
2370
2370
2370
2371
2371
2374
2376
2376
2377
2379
2379
2379
2379
2382
2382
2382
2385
2385
2386
2386
2386
2387
2389
2390
2390
2391
2391
2393
2394
2395
2397
2398
2398
2398
2399
2399
2399
2400
2401
2401
2404
2407
2407
2410
2411
2411
2412
2413
2414
2415
2416
2416
2416
2417
2418
2418
2418
2419
2420
2421
2421
2421
2421
2422
2424
2424
2425
2429
2430
2431
2431
2433
2434
2440
2440
2442
2442
2442
2442
2442
2442
2448
2448
2449
2449
2450
2450
2452
2454
2455
2455
2456
2457
2458
2458
2460
2460
2461
2462
2462
2463
2464
2466
2470
2471
2471
2471
2471
2472
2472
2472
2473
2474
2475
2477
2477
2478
2479
2479
2479
2480
2481
2481
2483
2483
2484
2484
2485
2485
2486
2486
2486
2486
2487
2487
2488
2489
2491
2492
2493
2494
2494
2496
2498
2499
2500
2500
2500
2501
2501
2502
2502
2503
2503
2503
2504
2504
2505
2505
2505
2505
2505
2507
2508
2509
2511
2513
2514
2514
2516
2517
2517
2518
2519
2519
2519
2520
2520
2521
2521
2522
2522
2524
2526
2527
2528
2528
2532
2533
2534
2535
2537
2538
2541
2541
2543
2544
2545
2545
2545
2548
2548
2549
2550
2552
2554
2555
2555
2557
2557
2557
2558
2559
2560
2560
2561
2562
2562
2562
2563
2565
2566
2567
2567
2569
2570
2570
2570
2572
2573
2573
2577
2577
2578
2578
2580
2580
2581
2582
2582
2584
2584
2586
2587
2588
2589
2591
2592
2593
2593
2594
2595
2598
2598
2599
2599
2599
2600
2600
2600
2602
2602
2603
2603
2604
2605
2607
2610
2610
2610
2611
2612
2613
2614
2616
2617
2619
2620
2622
2622
2622
2622
2622
2623
2623
2624
2625
2625
2625
2626
2627
2628
2629
2630
2631
2631
2633
2634
2634
2634
2635
2636
2638
2638
2640
2641
2641
2641
2642
2643
2643
2646
2647
2647
2648
2648
2652
2652
2656
2658
2658
2658
2659
2660
2661
2662
2663
2667
2669
2669
2671
2673
2673
2674
2674
2675
2676
2676
2677
2677
2677
2678
2678
2680
2681
2683
2683
2684
2684
2684
2685
2686
2686
2686
2688
2690
2690
2691
2691
2693
2693
2697
2699
2699
2702
2703
2703
2704
2704
2707
2709
2710
2710
2713
2714
2715
2715
2716
2716
2716
2717
2717
2718
2719
2720
2722
2724
2724
2730
2731
2735
2736
2737
2738
2738
2738
2739
2739
2741
2741
2742
2744
2745
2746
2748
2751
2752
2753
2754
2755
2755
2757
2757
2758
2760
2760
2760
2763
2763
2765
2767
2768
2768
2769
2770
2772
2773
2774
2774
2777
2777
2778
2780
2780
2781
2781
2782
2782
2783
2783
2784
2785
2789
2789
2789
2791
2791
2792
2793
2793
2794
2797
2798
2798
2799
2799
2800
2801
2801
2804
2805
2806
2806
2808
2808
2808
2808
2809
2809
2810
2810
2813
2814
2814
2815
2816
2817
2819
2819
2819
2820
2820
2822
2822
2823
2824
2826
2826
2827
2829
2829
2829
2830
2831
2832
2838
2838
2839
2839
2840
2840
2841
2841
2842
2843
2844
2844
2845
2845
2845
2846
2846
2847
2847
2847
2847
2848
2849
2851
2851
2854
2855
2856
2856
2856
2858
2858
2858
2859
2859
2860
2866
2867
2867
2868
2869
2870
2871
2871
2875
2876
2877
2878
2878
2879
2880
2880
2880
2881
2881
2881
2881
2884
2884
2886
2886
2886
2888
2889
2889
2889
2891
2891
2891
2892
2896
2899
2900
2900
2900
2900
2901
2902
2902
2902
2903
2904
2904
2906
2906
2908
2908
2909
2911
2912
2913
2913
2915
2915
2916
2917
2918
2920
2922
2924
2924
2925
2929
2929
2930
2930
2932
2932
2935
2936
2936
2936
2939
2939
2939
2939
2944
2945
2948
2948
2949
2950
2950
2951
2952
2955
2955
2957
2957
2958
2958
2960
2962
2964
2964
2970
2970
2970
2971
2971
2972
2972
2972
2974
2975
2975
2975
2976
2976
2977
2978
2978
2980
2983
2983
2983
2983
2985
2986
2986
2989
2989
2991
2991
2992
2993
2996
2997
2998
2998
3000
3001
3002
3003
3004
3006
3007
3008
3009
3010
3010
3010
3010
3011
3011
3012
3012
3013
3015
3016
3016
3018
3019
3020
3022
3022
3022
3032
3034
3035
3038
3039
3043
3045
3045
3045
3050
3050
3050
3052
3052
3052
3053
3054
3055
3056
3057
3057
3059
3060
3062
3062
3062
3062
3062
3063
3066
3068
3074
3075
3076
3076
3077
3078
3079
3079
3080
3081
3081
3082
3082
3086
3086
3087
3088
3088
3089
3092
3093
3094
3094
3095
3097
3097
3098
3099
3099
3100
3105
3105
3106
3106
3107
3110
3111
3112
3112
3115
3115
3117
3118
3118
3119
3119
3119
3119
3122
3123
3124
3124
3125
3126
3126
3127
3129
3131
3133
3134
3135
3135
3137
3138
3138
3140
3140
3140
3141
3141
3141
3143
3143
3143
3144
3147
3148
3149
3149
3150
3152
3152
3152
3153
3154
3154
3154
3155
3155
3155
3159
3159
3160
3161
3165
3165
3165
3166
3167
3169
3169
3170
3172
3172
3175
3176
3178
3178
3178
3179
3181
3182
3182
3182
3184
3185
3185
3187
3187
3187
3188
3188
3190
3190
3191
3192
3192
3193
3195
3195
3196
3196
3196
3198
3198
3200
3200
3201
3202
3203
3204
3204
3204
3205
3206
3207
3207
3208
3209
3210
3211
3212
3213
3215
3218
3218
3227
3229
3230
3231
3232
3232
3233
3235
3235
3236
3237
3239
3240
3241
3241
3242
3242
3247
3247
3247
3248
3252
3254
3255
3256
3257
3258
3259
3261
3262
3262
3263
3263
3263
3264
3264
3265
3266
3266
3266
3267
3267
3268
3268
3270
3271
3272
3273
3274
3274
3275
3275
3276
3278
3279
3279
3280
3280
3281
3282
3282
3282
3283
3283
3283
3284
3284
3287
3295
3295
3297
3299
3299
3299
3300
3301
3302
3302
3303
3304
3304
3304
3306
3307
3308
3308
3309
3309
3310
3311
3312
3316
3317
3317
3317
3319
3319
3322
3324
3324
3324
3325
3326
3327
3328
3329
3329
3329
3330
3330
3332
3336
3337
3339
3339
3339
3341
3341
3342
3344
3345
3345
3345
3345
3346
3346
3346
3347
3347
3348
3349
3349
3350
3352
3356
3357
3358
3358
3358
3361
3361
3362
3362
3363
3365
3365
3366
3367
3367
3369
3370
3370
3372
3373
3374
3376
3377
3378
3378
3378
3378
3378
3380
3381
3386
3387
3387
3387
3388
3389
3390
3391
3391
3393
3394
3394
3394
3396
3397
3398
3398
3400
3402
3404
3404
3404
3404
3406
3406
3407
3410
3412
3416
3420
3422
3423
3423
3425
3426
3426
3426
3429
3430
3431
3431
3435
3436
3436
3437
3437
3439
3440
3443
3443
3445
3446
3446
3446
3446
3446
3447
3448
3449
3450
3451
3451
3451
3451
3452
3452
3452
3453
3453
3456
3457
3459
3461
3463
3466
3467
3467
3469
3470
3470
3471
3471
3471
3471
3473
3473
3480
3481
3483
3484
3484
3485
3487
3487
3488
3490
3490
3491
3493
3495
3497
3502
3504
3504
3508
3510
3510
3514
3515
3515
3518
3518
3519
3519
3519
3519
3520
3520
3520
3521
3522
3522
3523
3526
3529
3529
3530
3533
3533
3534
3534
3535
3536
3538
3538
3541
3541
3542
3545
3546
3546
3547
3547
3548
3548
3548
3549
3549
3550
3551
3551
3551
3552
3552
3552
3553
3553
3553
3554
3556
3559
3559
3559
3560
3560
3560
3561
3561
3567
3570
3572
3575
3576
3578
3579
3579
3579
3580
3580
3580
3583
3583
3583
3585
3588
3589
3589
3593
3593
3595
3595
3596
3596
3597
3598
3600
3602
3604
3604
3605
3605
3606
3606
3606
3607
3607
3609
3610
3611
3611
3611
3614
3614
3617
3618
3618
3619
3620
3623
3623
3623
3623
3623
3624
3624
3624
3625
3625
3627
3627
3627
3628
3629
3629
3629
3631
3632
3634
3639
3639
3642
3643
3643
3644
3645
3646
3647
3649
3651
3651
3652
3652
3653
3654
3658
3659
3659
3660
3660
3661
3661
3662
3663
3663
3668
3668
3668
3668
3670
3671
3672
3675
3675
3675
3676
3678
3678
3678
3678
3679
3679
3680
3680
3681
3681
3681
3682
3683
3683
3684
3686
3686
3689
3689
3691
3691
3693
3693
3693
3694
3696
3697
3701
3701
3701
3702
3703
3704
3707
3708
3708
3708
3710
3710
3710
3710
3713
3715
3715
3715
3715
3716
3717
3718
3719
3721
3722
3724
3724
3725
3726
3726
3729
3730
3733
3735
3735
3735
3735
3736
3736
3737
3738
3739
3739
3740
3740
3742
3743
3745
3745
3746
3746
3746
3747
3748
3749
3754
3755
3756
3757
3758
3759
3760
3760
3761
3762
3762
3763
3763
3764
3764
3765
3765
3766
3768
3769
3769
3769
3773
3782
3783
3785
3786
3786
3786
3787
3788
3788
3793
3798
3798
3799
3800
3801
3802
3803
3804
3805
3805
3806
3806
3807
3808
3809
3809
3810
3813
3813
3814
3815
3816
3817
3818
3819
3822
3822
3823
3823
3826
3827
3829
3830
3831
3832
3832
3833
3834
3834
3834
3835
3837
3838
3838
3841
3842
3844
3845
3846
3847
3849
3849
3851
3851
3854
3856
3857
3858
3858
3861
3863
3863
3865
3867
3867
3868
3868
3869
3869
3873
3875
3875
3877
3878
3879
3880
3883
3883
3884
3884
3885
3885
3887
3888
3888
3892
3892
3893
3893
3895
3897
3897
3898
3898
3898
3899
3899
3901
3903
3904
3904
3906
3908
3909
3909
3909
3912
3913
3913
3913
3915
3917
3918
3919
3920
3920
3920
3921
3921
3924
3925
3925
3927
3928
3928
3929
3930
3931
3932
3933
3934
3934
3935
3936
3940
3943
3944
3946
3947
3949
3951
3953
3953
3954
3956
3957
3957
3958
3958
3960
3961
3963
3963
3964
3967
3967
3968
3968
3969
3970
3970
3971
3971
3972
3973
3974
3974
3974
3975
3975
3977
3977
3979
3981
3981
3982
3984
3984
3984
3986
3987
3987
3989
3991
3992
3993
3995
3996
3996
3997
3998
3998
3999
4001
4001
4001
4002
4003
4003
4003
4005
4006
4007
4009
4012
4012
4012
4012
4014
4015
4017
4019
4020
4021
4022
4023
4025
4027
4028
4029
4030
4031
4033
4035
4037
4038
4040
4041
4041
4042
4045
4046
4048
4049
4050
4050
4052
4052
4052
4052
4052
4053
4053
4053
4054
4054
4056
4056
4056
4057
4058
4061
4061
4061
4062
4063
4064
4066
4067
4068
4069
4069
4069
4071
4072
4073
4076
4077
4077
4078
4079
4081
4081
4081
4082
4082
4084
4084
4085
4086
4087
4088
4090
4092
4092
4093
4094
4094
4094
4095
4095
4097
4098
4098
4099
4100
4103
4104
4105
4105
4105
4106
4107
4108
4109
4109
4110
4113
4114
4114
4115
4116
4117
4117
4119
4119
4120
4120
4121
4121
4122
4122
4128
4128
4129
4130
4132
4137
4138
4139
4140
4141
4143
4143
4145
4145
4146
4147
4147
4147
4147
4148
4148
4149
4149
4151
4152
4154
4155
4156
4157
4158
4161
4161
4162
4163
4163
4164
4164
4164
4164
4165
4165
4169
4171
4171
4172
4173
4173
4175
4176
4176
4176
4177
4177
4178
4178
4179
4181
4181
4183
4184
4186
4186
4188
4190
4190
4191
4191
4191
4192
4193
4193
4197
4197
4197
4197
4198
4199
4199
4200
4200
4201
4202
4203
4203
4205
4210
4211
4211
4211
4213
4215
4215
4216
4221
4222
4223
4224
4225
4225
4226
4229
4230
4230
4231
4233
4234
4234
4235
4237
4237
4238
4240
4240
4241
4242
4243
4243
4245
4245
4247
4248
4249
4250
4250
4250
4250
4251
4252
4255
4256
4257
4257
4261
4261
4262
4263
4264
4264
4265
4268
4268
4269
4270
4270
4271
4274
4274
4276
4276
4276
4277
4278
4280
4282
4282
4284
4285
4286
4286
4286
4287
4288
4288
4290
4290
4292
4293
4293
4294
4295
4297
4298
4299
4302
4302
4303
4303
4304
4305
4307
4307
4308
4309
4311
4311
4311
4312
4312
4312
4314
4314
4314
4315
4316
4317
4317
4319
4320
4320
4321
4322
4323
4327
4328
4332
4333
4335
4336
4336
4337
4338
4339
4340
4340
4341
4343
4343
4345
4346
4346
4347
4347
4348
4349
4349
4351
4351
4352
4355
4356
4356
4358
4360
4361
4361
4362
4363
4364
4364
4367
4369
4369
4370
4371
4372
4372
4373
4373
4375
4376
4376
4376
4378
4379
4379
4380
4380
4382
4383
4383
4385
4386
4388
4388
4388
4390
4391
4392
4392
4393
4395
4396
4396
4397
4398
4398
4401
4401
4402
4402
4405
4408
4408
4408
4412
4413
4413
4415
4415
4417
4418
4419
4419
4420
4421
4421
4422
4423
4424
4424
4425
4425
4425
4425
4425
4426
4426
4429
4429
4432
4432
4432
4432
4432
4433
4433
4435
4435
4437
4437
4438
4438
4438
4439
4439
4441
4441
4442
4444
4444
4445
4446
4446
4447
4448
4449
4450
4451
4452
4452
4453
4455
4456
4456
4457
4458
4458
4459
4461
4462
4462
4462
4463
4464
4465
4465
4465
4466
4466
4468
4469
4470
4472
4472
4473
4474
4474
4478
4478
4478
4479
4481
4483
4484
4488
4489
4492
4492
4492
4492
4493
4493
4493
4494
4495
4496
4496
4498
4498
4499
4499
4499
4500
4501
4502
4504
4508
4508
4508
4509
4510
4510
4512
4513
4514
4515
4515
4517
4517
4520
4523
4524
4524
4525
4525
4526
4529
4530
4530
4531
4531
4532
4534
4534
4535
4535
4535
4540
4540
4540
4541
4542
4543
4544
4544
4544
4545
4546
4548
4549
4550
4550
4550
4550
4552
4552
4553
4553
4554
4556
4556
4557
4559
4560
4560
4561
4562
4563
4563
4564
4565
4566
4567
4569
4569
4570
4571
4572
4573
4575
4575
4578
4578
4580
4580
4580
4582
4582
4583
4583
4586
4587
4587
4588
4589
4589
4589
4589
4590
4590
4591
4593
4593
4596
4596
4596
4596
4599
4600
4602
4602
4602
4602
4603
4604
4606
4606
4607
4607
4609
4609
4609
4609
4609
4609
4611
4612
4612
4615
4616
4617
4619
4619
4620
4621
4622
4624
4624
4625
4626
4627
4630
4630
4631
4632
4633
4634
4637
4639
4640
4640
4642
4643
4644
4646
4647
4648
4649
4651
4651
4651
4652
4654
4654
4655
4655
4656
4656
4657
4658
4658
4659
4659
4659
4660
4661
4661
4662
4662
4663
4664
4665
4666
4666
4667
4668
4668
4669
4671
4673
4675
4675
4675
4676
4677
4678
4679
4679
4680
4681
4682
4683
4685
4685
4687
4688
4688
4689
4689
4693
4695
4697
4698
4702
4703
4704
4704
4704
4705
4705
4706
4706
4707
4707
4709
4709
4711
4712
4714
4715
4716
4717
4717
4717
4719
4720
4721
4722
4722
4723
4724
4728
4728
4730
4731
4731
4732
4735
4736
4737
4737
4738
4738
4738
4741
4746
4746
4747
4747
4748
4748
4749
4750
4751
4752
4753
4753
4755
4756
4756
4758
4758
4759
4761
4764
4766
4767
4767
4769
4769
4772
4772
4774
4779
4781
4783
4785
4786
4788
4789
4791
4792
4793
4794
4794
4795
4795
4796
4797
4799
4799
4799
4801
4804
4804
4804
4805
4805
4805
4809
4810
4811
4813
4814
4815
4817
4817
4817
4819
4819
4820
4821
4821
4822
4822
4822
4823
4823
4825
4826
4828
4829
4830
4833
4834
4834
4836
4836
4838
4838
4838
4839
4840
4842
4842
4843
4844
4845
4846
4847
4847
4847
4847
4849
4850
4850
4851
4851
4851
4852
4852
4853
4856
4858
4861
4861
4861
4862
4862
4862
4863
4863
4863
4864
4864
4866
4866
4868
4868
4870
4870
4870
4870
4871
4871
4871
4872
4873
4874
4874
4874
4875
4875
4876
4877
4878
4883
4884
4885
4886
4887
4888
4889
4890
4891
4892
4893
4893
4895
4895
4898
4898
4899
4900
4900
4900
4901
4901
4902
4902
4903
4907
4908
4908
4909
4909
4910
4910
4911
4911
4912
4913
4914
4915
4915
4917
4917
4917
4918
4919
4920
4921
4922
4923
4925
4925
4928
4928
4929
4929
4930
4931
4931
4931
4931
4932
4934
4934
4935
4936
4938
4939
4939
4940
4940
4941
4941
4942
4944
4944
4944
4944
4945
4945
4945
4947
4948
4948
4948
4951
4951
4952
4953
4954
4955
4957
4957
4958
4959
4959
4959
4962
4962
4962
4963
4965
4965
4968
4969
4969
4969
4970
4970
4970
4970
4972
4973
4974
4976
4976
4977
4977
4979
4981
4983
4987
4987
4988
4989
4991
4993
4993
4993
4993
4994
4994
4995
4996
4999
4999
4999
5000
5000
5002
5003
5004
5004
5005
5006
5007
5007
5007
5009
5010
5012
5012
5013
5014
5014
5014
5016
5020
5020
5021
5021
5023
5025
5025
5026
5026
5027
5027
5027
5029
5029
5029
5029
5030
5032
5034
5034
5038
5039
5039
5041
5041
5044
5046
5047
5049
5049
5050
5051
5051
5052
5053
5055
5055
5055
5057
5057
5060
5060
5062
5062
5065
5066
5066
5067
5068
5068
5068
5069
5070
5072
5073
5074
5075
5077
5077
5078
5079
5080
5081
5082
5084
5084
5084
5084
5086
5089
5089
5089
5090
5091
5091
5092
5092
5093
5093
5094
5095
5096
5096
5097
5097
5097
5098
5098
5098
5099
5099
5100
5102
5102
5103
5103
5103
5104
5104
5106
5106
5108
5109
5109
5110
5111
5112
5114
5116
5116
5116
5117
5117
5117
5118
5120
5120
5121
5125
5125
5126
5127
5127
5129
5130
5131
5132
5133
5133
5136
5137
5137
5137
5139
5140
5143
5147
5148
5150
5151
5152
5152
5153
5155
5155
5155
5156
5157
5158
5158
5158
5159
5159
5160
5161
5161
5162
5165
5165
5166
5167
5168
5170
5172
5174
5175
5176
5177
5178
5178
5181
5182
5184
5184
5185
5185
5187
5188
5188
5190
5190
5191
5192
5192
5193
5194
5195
5195
5197
5200
5200
5201
5202
5203
5204
5205
5206
5211
5212
5214
5214
5216
5216
5217
5219
5220
5221
5222
5223
5223
5223
5225
5226
5226
5228
5229
5229
5230
5230
5231
5232
5234
5236
5239
5242
5243
5244
5244
5244
5245
5245
5246
5247
5248
5248
5248
5249
5250
5250
5251
5251
5252
5253
5253
5253
5254
5255
5256
5257
5257
5257
5258
5259
5261
5261
5262
5262
5263
5263
5263
5263
5265
5265
5265
5268
5268
5269
5269
5269
5270
5270
5272
5272
5273
5274
5275
5275
5277
5280
5280
5281
5281
5282
5283
5283
5290
5292
5294
5294
5295
5297
5298
5299
5299
5300
5302
5302
5305
5306
5307
5308
5309
5309
5310
5310
5312
5313
5316
5318
5319
5319
5319
5320
5320
5321
5322
5323
5325
5325
5325
5325
5326
5328
5329
5330
5332
5332
5333
5333
5333
5333
5334
5335
5339
5340
5342
5342
5344
5345
5345
5346
5346
5347
5348
5349
5350
5351
5352
5352
5353
5353
5357
5358
5359
5360
5360
5361
5361
5362
5363
5365
5366
5366
5368
5371
5372
5372
5373
5373
5373
5374
5374
5374
5375
5375
5379
5382
5385
5385
5386
5388
5389
5389
5389
5391
5392
5394
5394
5394
5395
5396
5397
5398
5399
5401
5401
5402
5403
5403
5408
5409
5410
5411
5412
5415
5416
5417
5420
5420
5421
5422
5422
5422
5426
5429
5431
5432
5432
5432
5433
5433
5435
5437
5438
5439
5440
5440
5441
5441
5442
5443
5444
5444
5445
5445
5446
5448
5448
5448
5449
5453
5453
5454
5454
5456
5458
5461
5461
5462
5462
5462
5463
5464
5464
5465
5466
5467
5468
5469
5469
5470
5470
5472
5472
5473
5473
5474
5475
5475
5476
5476
5479
5481
5482
5482
5482
5482
5482
5483
5484
5484
5486
5487
5488
5488
5489
5492
5492
5495
5496
5497
5499
5500
5502
5503
5504
5505
5505
5505
5505
5508
5508
5508
5508
5511
5512
5514
5515
5515
5516
5517
5517
5518
5518
5519
5519
5521
5521
5522
5523
5528
5530
5530
5533
5533
5534
5534
5535
5536
5536
5536
5538
5539
5539
5540
5545
5545
5545
5549
5549
5549
5550
5551
5551
5551
5552
5552
5555
5556
5557
5559
5559
5559
5559
5560
5561
5561
5561
5562
5562
5562
5563
5563
5563
5563
5564
5564
5565
5566
5567
5567
5568
5571
5571
5571
5572
5573
5574
5574
5575
5578
5578
5579
5579
5580
5581
5586
5586
5587
5587
5588
5588
5590
5590
5591
5592
5596
5597
5597
5598
5599
5602
5602
5602
5603
5604
5606
5608
5608
5608
5611
5612
5612
5612
5613
5613
5613
5614
5614
5614
5615
5617
5617
5617
5619
5619
5621
5621
5624
5631
5631
5632
5633
5633
5636
5638
5640
5641
5642
5642
5643
5644
5645
5647
5648
5648
5649
5650
5650
5652
5654
5658
5661
5661
5662
5663
5663
5664
5665
5665
5667
5668
5669
5670
5670
5670
5673
5673
5673
5674
5674
5674
5674
5676
5679
5683
5685
5685
5685
5686
5686
5688
5690
5692
5693
5693
5694
5694
5695
5695
5695
5698
5698
5698
5700
5700
5701
5704
5705
5706
5709
5709
5711
5711
5713
5713
5715
5716
5716
5716
5720
5721
5721
5721
5722
5722
5723
5724
5725
5725
5726
5726
5727
5730
5730
5731
5731
5733
5733
5733
5734
5735
5735
5736
5736
5736
5738
5738
5739
5739
5740
5741
5741
5741
5742
5742
5743
5744
5745
5747
5747
5749
5750
5751
5751
5751
5752
5753
5753
5759
5759
5762
5763
5763
5763
5763
5764
5765
5766
5767
5767
5768
5769
5769
5769
5770
5772
5772
5775
5776
5776
5776
5776
5778
5778
5782
5782
5785
5786
5787
5787
5788
5789
5790
5790
5790
5792
5792
5792
5795
5797
5798
5798
5802
5805
5805
5806
5808
5808
5811
5811
5812
5813
5814
5814
5814
5815
5816
5818
5819
5819
5820
5821
5821
5822
5822
5823
5823
5823
5826
5826
5827
5828
5828
5828
5829
5829
5831
5835
5836
5836
5837
5837
5838
5840
5840
5841
5842
5844
5844
5844
5844
5845
5847
5847
5849
5849
5849
5851
5851
5852
5854
5854
5855
5856
5857
5859
5860
5860
5861
5862
5864
5864
5864
5865
5865
5866
5866
5866
5868
5868
5870
5871
5871
5872
5874
5874
5875
5875
5876
5876
5877
5877
5877
5878
5880
5881
5881
5881
5883
5884
5884
5885
5885
5886
5888
5889
5890
5890
5890
5892
5893
5893
5894
5896
5899
5900
5901
5903
5905
5905
5905
5906
5906
5910
5910
5911
5914
5916
5917
5917
5918
5922
5923
5924
5924
5926
5928
5929
5930
5930
5931
5932
5932
5932
5933
5933
5936
5937
5937
5938
5938
5938
5942
5946
5947
5950
5950
5952
5952
5954
5954
5955
5956
5960
5965
5966
5966
5967
5969
5971
5973
5973
5973
5973
5976
5976
5977
5977
5977
5977
5981
5983
5987
5987
5987
5988
5989
5989
5989
5990
5990
5990
5992
5992
5993
5993
5993
5995
5995
5996
5997
5998
5998
6000
6000
6000
6001
6001
6001
6002
6002
6003
6003
6003
6004
6004
6004
6005
6006
6007
6008
6011
6011
6015
6015
6016
6016
6016
6017
6018
6018
6020
6021
6022
6022
6023
6023
6025
6028
6028
6029
6031
6031
6033
6035
6036
6037
6040
6041
6042
6043
6043
6044
6044
6046
6046
6047
6048
6048
6050
6051
6051
6052
6053
6054
6054
6055
6056
6056
6057
6057
6057
6058
6059
6059
6059
6060
6061
6061
6062
6064
6065
6065
6066
6067
6068
6070
6071
6074
6076
6077
6077
6077
6078
6079
6079
6080
6080
6082
6084
6084
6085
6086
6087
6088
6088
6091
6091
6092
6093
6095
6097
6099
6099
6100
6102
6104
6104
6105
6106
6106
6107
6108
6109
6112
6113
6114
6115
6118
6120
6121
6122
6123
6123
6124
6124
6126
6126
6129
6132
6133
6134
6136
6139
6140
6140
6140
6142
6142
6143
6143
6143
6143
6143
6144
6144
6147
6148
6149
6152
6152
6153
6153
6153
6154
6155
6156
6157
6157
6159
6159
6159
6159
6160
6160
6162
6163
6164
6165
6166
6166
6166
6168
6169
6169
6170
6170
6172
6172
6173
6175
6176
6176
6177
6178
6178
6179
6179
6179
6180
6181
6181
6183
6183
6184
6185
6189
6190
6192
6193
6195
6195
6195
6196
6196
6198
6198
6199
6199
6200
6201
6201
6203
6205
6205
6207
6208
6208
6208
6209
6210
6212
6215
6217
6219
6220
6220
6221
6221
6222
6223
6225
6228
6229
6229
6229
6229
6229
6232
6233
6234
6236
6236
6236
6236
6236
6236
6237
6237
6238
6238
6238
6242
6242
6242
6245
6245
6246
6247
6248
6248
6249
6249
6251
6253
6255
6256
6256
6256
6257
6257
6259
6260
6260
6262
6262
6263
6265
6265
6265
6266
6266
6266
6267
6268
6269
6269
6270
6270
6272
6272
6273
6277
6277
6279
6279
6279
6280
6281
6285
6287
6288
6289
6291
6292
6296
6297
6297
6298
6301
6302
6302
6302
6304
6305
6306
6307
6308
6309
6310
6311
6311
6312
6312
6312
6313
6313
6313
6316
6316
6317
6318
6319
6320
6321
6322
6322
6323
6323
6324
6324
6326
6330
6330
6330
6330
6331
6331
6333
6333
6333
6334
6334
6334
6334
6335
6336
6336
6339
6340
6341
6341
6346
6347
6350
6352
6352
6356
6359
6360
6362
6365
6365
6366
6369
6370
6370
6373
6376
6377
6377
6378
6380
6381
6381
6383
6386
6387
6387
6388
6388
6389
6390
6390
6394
6394
6396
6397
6398
6399
6400
6401
6402
6402
6403
6403
6404
6405
6406
6406
6407
6408
6408
6409
6410
6413
6413
6416
6418
6418
6419
6421
6421
6423
6424
6427
6428
6429
6429
6429
6430
6430
6433
6435
6435
6437
6437
6437
6438
6438
6438
6439
6440
6442
6442
6444
6446
6447
6447
6448
6449
6449
6450
6450
6450
6451
6452
6452
6452
6453
6453
6454
6454
6454
6456
6458
6458
6461
6461
6461
6462
6462
6463
6464
6464
6465
6465
6465
6465
6467
6467
6470
6471
6472
6474
6474
6475
6475
6476
6477
6479
6479
6479
6480
6481
6481
6481
6483
6484
6485
6486
6487
6488
6492
6493
6494
6495
6496
6496
6497
6498
6499
6499
6503
6503
6507
6509
6510
6512
6512
6514
6514
6515
6516
6517
6517
6517
6518
6519
6519
6520
6524
6524
6526
6529
6531
6532
6533
6534
6536
6536
6538
6539
6541
6541
6541
6542
6546
6548
6549
6549
6551
6553
6553
6556
6556
6557
6557
6558
6559
6559
6559
6560
6561
6561
6562
6562
6562
6563
6566
6568
6569
6569
6569
6569
6571
6571
6571
6571
6573
6575
6577
6577
6578
6578
6579
6584
6584
6585
6586
6586
6587
6587
6588
6588
6588
6590
6590
6590
6591
6591
6591
6592
6592
6593
6593
6594
6594
6594
6601
6601
6603
6604
6606
6606
6606
6606
6607
6608
6609
6610
6611
6612
6612
6612
6613
6614
6614
6615
6615
6616
6616
6617
6617
6618
6619
6620
6620
6621
6622
6622
6622
6622
6623
6623
6623
6624
6624
6625
6626
6628
6629
6630
6631
6631
6631
6632
6632
6632
6633
6634
6635
6635
6635
6638
6639
6639
6640
6640
6642
6645
6645
6647
6650
6651
6651
6653
6653
6655
6655
6659
6660
6662
6663
6664
6665
6665
6667
6668
6668
6668
6669
6672
6672
6672
6675
6675
6675
6677
6677
6679
6680
6681
6682
6682
6684
6684
6685
6685
6685
6685
6687
6687
6687
6689
6690
6692
6693
6693
6693
6693
6695
6695
6695
6695
6697
6697
6698
6698
6699
6701
6701
6701
6702
6704
6704
6708
6711
6713
6713
6714
6714
6715
6716
6717
6719
6720
6723
6725
6729
6730
6730
6731
6733
6735
6736
6737
6738
6740
6740
6740
6741
6741
6744
6744
6750
6752
6755
6757
6758
6758
6759
6761
6761
6762
6763
6764
6764
6765
6768
6768
6770
6772
6772
6772
6774
6774
6775
6775
6777
6779
6781
6783
6783
6785
6785
6785
6787
6789
6794
6795
6795
6797
6798
6798
6799
6799
6799
6801
6801
6804
6805
6806
6807
6808
6811
6813
6814
6815
6816
6817
6818
6818
6819
6819
6820
6820
6821
6822
6823
6823
6824
6825
6826
6832
6832
6832
6833
6834
6835
6835
6836
6837
6841
6841
6841
6842
6848
6848
6849
6850
6850
6850
6851
6852
6852
6853
6854
6857
6857
6857
6857
6858
6859
6859
6860
6860
6861
6866
6866
6867
6870
6871
6871
6872
6873
6875
6876
6876
6877
6877
6877
6877
6877
6881
6881
6883
6883
6883
6884
6884
6886
6886
6888
6888
6889
6890
6890
6891
6891
6891
6892
6893
6893
6895
6895
6896
6896
6897
6897
6899
6899
6900
6900
6903
6905
6907
6908
6909
6910
6913
6913
6914
6916
6917
6922
6922
6923
6923
6923
6924
6926
6927
6928
6928
6929
6929
6932
6934
6934
6934
6934
6935
6936
6936
6936
6936
6939
6940
6940
6941
6941
6941
6943
6944
6944
6945
6946
6948
6948
6949
6949
6951
6955
6955
6955
6956
6956
6956
6957
6958
6958
6959
6960
6960
6961
6961
6961
6963
6964
6964
6964
6965
6965
6966
6967
6969
6970
6972
6974
6975
6977
6981
6983
6984
6985
6985
6985
6986
6986
6990
6991
6992
6994
6995
6997
6997
6997
6998
6998
6999
7000
7000
7002
7002
7003
7003
7003
7004
7005
7006
7006
7006
7007
7008
7009
7010
7011
7011
7012
7013
7014
7014
7014
7017
7017
7019
7020
7021
7021
7022
7022
7024
7025
7025
7026
7028
7028
7028
7030
7030
7032
7033
7033
7033
7035
7036
7036
7037
7038
7038
7039
7039
7040
7040
7042
7044
7044
7045
7045
7048
7050
7050
7050
7050
7052
7053
7054
7055
7059
7059
7060
7060
7060
7060
7062
7062
7063
7063
7065
7066
7066
7068
7069
7069
7071
7071
7072
7074
7074
7074
7076
7077
7078
7079
7079
7081
7082
7083
7083
7083
7083
7084
7084
7085
7085
7086
7087
7089
7091
7092
7093
7093
7094
7095
7096
7096
7096
7100
7101
7103
7104
7106
7106
7107
7110
7112
7113
7113
7116
7117
7118
7120
7121
7124
7124
7124
7125
7127
7128
7128
7130
7133
7134
7137
7140
7141
7142
7142
7143
7144
7145
7146
7147
7147
7148
7149
7150
7151
7152
7152
7154
7154
7155
7155
7157
7158
7160
7160
7160
7161
7161
7162
7164
7168
7169
7171
7171
7172
7172
7176
7176
7177
7177
7180
7181
7182
7185
7186
7187
7190
7191
7191
7192
7195
7196
7197
7197
7198
7200
7204
7205
7205
7208
7210
7211
7211
7213
7214
7214
7215
7217
7217
7218
7218
7219
7220
7223
7224
7227
7228
7229
7229
7230
7231
7233
7234
7235
7235
7237
7237
7241
7242
7244
7244
7245
7245
7247
7248
7249
7253
7253
7254
7254
7254
7255
7256
7257
7259
7259
7259
7259
7259
7260
7262
7262
7262
7263
7263
7263
7264
7264
7264
7265
7270
7271
7272
7273
7276
7278
7279
7280
7281
7283
7283
7284
7286
7287
7288
7288
7291
7293
7293
7294
7295
7295
7295
7297
7299
7301
7306
7306
7307
7308
7309
7309
7310
7311
7315
7315
7316
7317
7318
7319
7319
7320
7321
7321
7323
7323
7324
7325
7325
7329
7331
7332
7332
7332
7333
7334
7334
7335
7337
7337
7338
7338
7338
7338
7339
7339
7341
7341
7342
7342
7343
7344
7344
7347
7349
7350
7350
7351
7351
7352
7353
7353
7353
7356
7357
7357
7357
7358
7360
7360
7361
7361
7363
7366
7367
7368
7369
7374
7375
7377
7377
7377
7380
7381
7381
7381
7381
7383
7385
7386
7389
7389
7390
7391
7391
7391
7393
7395
7397
7397
7399
7400
7400
7400
7400
7400
7401
7401
7401
7401
7404
7404
7405
7407
7408
7408
7409
7411
7412
7412
7415
7415
7416
7416
7417
7418
7419
7421
7421
7422
7422
7425
7426
7427
7430
7432
7432
7433
7433
7437
7438
7440
7440
7442
7444
7445
7446
7446
7447
7447
7448
7448
7449
7451
7451
7452
7453
7455
7458
7458
7459
7459
7460
7461
7463
7463
7464
7464
7465
7467
7468
7469
7470
7472
7472
7473
7476
7476
7476
7478
7480
7481
7481
7482
7483
7484
7484
7485
7486
7487
7487
7488
7488
7489
7490
7490
7491
7497
7497
7501
7502
7503
7504
7504
7506
7507
7508
7509
7509
7510
7512
7513
7513
7513
7514
7515
7517
7520
7521
7521
7523
7523
7525
7527
7530
7530
7531
7532
7532
7533
7533
7535
7536
7539
7539
7540
7541
7541
7543
7544
7545
7547
7547
7547
7548
7549
7550
7550
7550
7551
7551
7553
7554
7554
7555
7557
7559
7561
7562
7564
7566
7566
7569
7569
7569
7570
7570
7571
7573
7573
7576
7576
7579
7579
7579
7579
7580
7585
7585
7586
7586
7588
7588
7588
7590
7590
7591
7591
7592
7593
7593
7594
7594
7598
7598
7599
7602
7602
7603
7607
7608
7609
7612
7615
7617
7617
7617
7618
7619
7619
7619
7619
7620
7620
7621
7621
7621
7622
7622
7622
7622
7622
7622
7623
7623
7624
7625
7626
7627
7627
7627
7630
7631
7632
7634
7637
7637
7637
7640
7640
7644
7645
7646
7646
7647
7647
7648
7648
7648
7649
7651
7653
7653
7654
7656
7656
7657
7657
7658
7658
7659
7660
7660
7660
7660
7663
7663
7664
7666
7667
7667
7667
7667
7669
7669
7669
7670
7671
7671
7674
7675
7676
7677
7677
7679
7679
7682
7682
7682
7683
7684
7686
7686
7689
7689
7689
7690
7690
7695
7696
7697
7699
7700
7700
7700
7701
7701
7701
7703
7704
7705
7706
7706
7706
7707
7707
7710
7710
7710
7711
7712
7713
7714
7714
7715
7717
7717
7719
7720
7721
7721
7722
7722
7724
7724
7725
7726
7727
7728
7728
7728
7729
7729
7731
7731
7732
7733
7733
7733
7733
7734
7739
7739
7740
7740
7740
7742
7743
7745
7747
7748
7749
7751
7751
7753
7757
7758
7758
7761
7761
7761
7762
7762
7766
7766
7768
7768
7768
7770
7773
7773
7774
7776
7777
7778
7779
7780
7783
7785
7786
7786
7787
7788
7789
7789
7789
7789
7791
7793
7794
7794
7796
7796
7798
7800
7800
7801
7801
7801
7802
7803
7803
7803
7806
7806
7806
7807
7808
7815
7818
7818
7819
7819
7820
7821
7821
7822
7824
7826
7826
7830
7832
7832
7839
7839
7839
7840
7841
7841
7841
7842
7843
7843
7843
7845
7845
7845
7848
7848
7849
7850
7853
7856
7857
7857
7858
7858
7859
7861
7861
7863
7863
7869
7870
7874
7875
7876
7878
7879
7881
7881
7883
7883
7884
7886
7887
7889
7889
7889
7890
7892
7895
7899
7900
7901
7902
7902
7903
7903
7906
7906
7907
7908
7908
7909
7911
7911
7912
7913
7914
7914
7915
7915
7916
7916
7917
7917
7918
7918
7918
7919
7920
7920
7920
7922
7923
7924
7925
7926
7927
7928
7929
7930
7930
7930
7932
7932
7933
7933
7934
7935
7936
7937
7939
7939
7941
7941
7942
7942
7944
7944
7945
7949
7951
7951
7952
7954
7955
7956
7957
7958
7959
7959
7960
7960
7963
7963
7964
7965
7967
7970
7971
7972
7973
7973
7974
7974
7974
7975
7976
7978
7978
7979
7979
7979
7983
7985
7986
7987
7987
7988
7988
7990
7991
7991
7991
7993
7993
7996
7997
7999
7999
8001
8001
8002
8002
8002
8002
8004
8004
8004
8007
8009
8010
8010
8010
8010
8011
8013
8014
8015
8016
8018
8022
8022
8022
8022
8027
8028
8028
8028
8029
8029
8030
8030
8030
8031
8033
8035
8036
8037
8038
8039
8039
8040
8041
8043
8044
8045
8046
8046
8047
8048
8050
8053
8053
8053
8053
8055
8057
8058
8058
8058
8061
8061
8062
8063
8063
8066
8066
8066
8067
8068
8071
8071
8071
8072
8074
8075
8081
8083
8083
8083
8084
8085
8085
8086
8087
8091
8091
8091
8091
8093
8094
8095
8098
8099
8099
8100
8101
8101
8102
8107
8108
8110
8112
8117
8118
8119
8121
8121
8123
8124
8125
8125
8125
8127
8129
8129
8129
8130
8130
8131
8131
8132
8133
8134
8135
8139
8140
8144
8144
8147
8147
8149
8149
8151
8151
8151
8152
8154
8155
8156
8156
8156
8157
8158
8158
8158
8158
8159
8160
8161
8162
8163
8164
8164
8164
8164
8165
8165
8166
8166
8169
8169
8170
8171
8173
8174
8175
8177
8179
8179
8180
8181
8181
8182
8183
8183
8185
8185
8186
8186
8187
8190
8190
8191
8192
8193
8193
8194
8196
8197
8197
8205
8205
8205
8206
8208
8208
8210
8211
8211
8213
8213
8214
8215
8215
8217
8217
8220
8222
8222
8222
8225
8225
8225
8230
8233
8236
8238
8240
8240
8240
8241
8241
8241
8242
8244
8246
8246
8249
8250
8250
8250
8250
8251
8254
8254
8254
8255
8255
8256
8256
8258
8259
8260
8261
8261
8261
8262
8263
8264
8264
8264
8266
8266
8268
8269
8269
8274
8274
8276
8276
8276
8276
8279
8280
8281
8282
8282
8286
8286
8286
8286
8286
8288
8288
8289
8289
8289
8291
8293
8293
8294
8294
8295
8296
8296
8298
8299
8300
8300
8301
8304
8306
8306
8309
8309
8310
8312
8313
8316
8318
8318
8319
8319
8319
8320
8322
8323
8326
8327
8331
8333
8334
8336
8336
8339
8341
8341
8342
8343
8344
8345
8346
8347
8348
8349
8349
8354
8355
8355
8357
8357
8357
8358
8359
8359
8360
8360
8360
8360
8362
8363
8364
8365
8366
8366
8366
8368
8368
8370
8371
8371
8371
8371
8373
8373
8374
8374
8375
8376
8377
8378
8379
8379
8380
8380
8382
8382
8384
8386
8387
8387
8388
8388
8388
8392
8393
8394
8396
8398
8400
8401
8404
8405
8405
8405
8406
8406
8407
8407
8408
8408
8410
8412
8412
8414
8414
8415
8417
8419
8420
8421
8422
8422
8422
8426
8428
8429
8430
8431
8432
8432
8433
8434
8435
8435
8436
8437
8438
8440
8447
8448
8448
8449
8451
8452
8455
8455
8461
8462
8463
8463
8464
8465
8465
8469
8469
8470
8470
8471
8471
8472
8472
8473
8473
8473
8474
8476
8477
8478
8479
8479
8481
8482
8482
8482
8483
8484
8484
8485
8485
8491
8491
8492
8493
8493
8493
8495
8496
8497
8497
8498
8498
8501
8502
8502
8503
8504
8505
8505
8505
8505
8506
8508
8509
8509
8510
8512
8512
8512
8513
8514
8514
8515
8516
8517
8519
8519
8519
8520
8521
8521
8522
8523
8525
8528
8529
8530
8530
8531
8532
8532
8533
8533
8534
8535
8536
8538
8540
8540
8544
8545
8547
8547
8547
8547
8548
8549
8550
8551
8551
8552
8552
8552
8552
8554
8554
8554
8554
8555
8556
8558
8561
8561
8561
8563
8564
8565
8567
8570
8572
8573
8573
8574
8575
8576
8577
8578
8580
8581
8582
8582
8583
8585
8585
8586
8587
8587
8588
8589
8591
8593
8593
8593
8594
8597
8600
8601
8602
8606
8606
8607
8608
8608
8612
8613
8613
8615
8615
8616
8616
8617
8619
8619
8620
8620
8621
8621
8622
8622
8628
8629
8629
8630
8631
8631
8633
8635
8637
8638
8638
8639
8639
8640
8640
8640
8641
8645
8645
8647
8648
8648
8650
8652
8652
8653
8654
8654
8656
8656
8658
8658
8661
8661
8662
8662
8663
8663
8665
8665
8667
8667
8668
8668
8670
8674
8674
8675
8675
8678
8678
8679
8680
8681
8681
8683
8683
8683
8685
8686
8686
8690
8690
8690
8693
8694
8694
8694
8696
8696
8696
8697
8697
8699
8701
8702
8703
8703
8703
8704
8706
8709
8709
8709
8713
8713
8714
8716
8718
8718
8720
8721
8723
8723
8724
8724
8725
8725
8726
8726
8729
8729
8729
8731
8732
8733
8733
8733
8733
8735
8735
8736
8737
8737
8738
8740
8740
8740
8740
8741
8742
8743
8745
8745
8749
8749
8752
8756
8757
8758
8760
8761
8761
8761
8761
8761
8762
8763
8763
8765
8766
8766
8768
8768
8770
8771
8771
8772
8775
8776
8776
8776
8779
8781
8783
8783
8783
8784
8784
8784
8784
8786
8787
8787
8789
8790
8790
8790
8790
8791
8793
8794
8794
8798
8798
8799
8800
8801
8801
8801
8802
8803
8803
8804
8804
8805
8805
8805
8806
8807
8808
8808
8810
8810
8810
8811
8812
8812
8813
8816
8818
8819
8819
8820
8820
8824
8824
8827
8830
8831
8831
8831
8832
8833
8837
8838
8839
8839
8840
8841
8841
8842
8842
8843
8844
8844
8847
8847
8848
8848
8849
8853
8853
8854
8856
8856
8856
8857
8858
8859
8861
8863
8863
8863
8864
8864
8865
8865
8866
8867
8868
8868
8868
8869
8869
8869
8870
8870
8871
8872
8873
8877
8877
8881
8881
8881
8881
8883
8884
8885
8886
8889
8889
8890
8890
8891
8891
8892
8892
8895
8895
8895
8896
8896
8897
8898
8900
8900
8901
8901
8901
8904
8904
8905
8907
8908
8911
8911
8913
8914
8914
8915
8915
8915
8917
8919
8919
8921
8922
8922
8923
8923
8924
8925
8929
8929
8932
8934
8935
8935
8936
8937
8938
8938
8939
8939
8941
8941
8942
8944
8946
8947
8947
8949
8950
8950
8950
8950
8950
8951
8952
8955
8955
8958
8959
8959
8960
8960
8962
8963
8963
8966
8968
8968
8968
8969
8969
8970
8971
8972
8974
8974
8977
8978
8978
8980
8982
8983
8985
8986
8986
8987
8987
8987
8988
8989
8990
8990
8990
8990
8992
8992
8993
8996
8997
8998
8999
8999
9000
9000
9001
9002
9003
9005
9006
9006
9007
9007
9008
9009
9009
9012
9015
9015
9018
9018
9019
9022
9022
9023
9024
9024
9024
9026
9026
9027
9027
9028
9028
9030
9031
9031
9033
9034
9035
9036
9038
9039
9039
9040
9042
9043
9045
9045
9046
9046
9046
9047
9049
9051
9051
9053
9054
9055
9055
9056
9058
9058
9058
9059
9059
9061
9061
9062
9067
9067
9067
9068
9069
9069
9070
9070
9071
9071
9072
9072
9075
9075
9076
9078
9078
9079
9081
9082
9083
9083
9084
9084
9085
9085
9088
9089
9089
9090
9091
9092
9093
9093
9095
9095
9095
9098
9098
9099
9102
9102
9103
9103
9103
9106
9107
9111
9111
9111
9112
9112
9113
9113
9116
9116
9117
9118
9118
9122
9122
9123
9125
9126
9127
9128
9128
9129
9130
9132
9132
9133
9135
9136
9137
9141
9142
9145
9145
9146
9146
9148
9148
9148
9149
9150
9150
9152
9152
9153
9153
9154
9154
9156
9156
9158
9158
9160
9161
9161
9162
9162
9164
9168
9169
9173
9173
9175
9175
9175
9176
9176
9177
9178
9178
9179
9179
9180
9181
9181
9181
9184
9185
9190
9193
9194
9194
9194
9195
9195
9195
9197
9197
9198
9198
9198
9200
9200
9200
9201
9202
9204
9205
9207
9208
9208
9209
9210
9211
9212
9214
9214
9215
9216
9216
9217
9218
9219
9222
9222
9222
9223
9224
9225
9226
9227
9230
9230
9231
9231
9232
9235
9235
9235
9235
9237
9237
9240
9240
9242
9243
9243
9244
9245
9246
9247
9247
9247
9247
9247
9247
9247
9248
9249
9249
9249
9250
9251
9251
9251
9252
9253
9253
9254
9256
9257
9257
9257
9258
9258
9260
9261
9261
9264
9265
9266
9268
9269
9271
9271
9271
9275
9275
9276
9276
9276
9277
9278
9278
9280
9280
9284
9284
9284
9286
9286
9286
9287
9288
9289
9289
9293
9294
9295
9295
9297
9297
9299
9300
9300
9301
9302
9303
9303
9304
9305
9306
9308
9308
9309
9309
9311
9312
9313
9318
9319
9322
9322
9322
9323
9324
9326
9327
9327
9327
9328
9334
9335
9337
9337
9337
9339
9339
9343
9345
9345
9347
9348
9349
9350
9353
9354
9355
9356
9357
9357
9360
9360
9360
9361
9361
9362
9362
9363
9363
9363
9364
9365
9367
9369
9370
9371
9372
9372
9373
9373
9376
9377
9379
9379
9379
9381
9382
9383
9383
9384
9384
9385
9386
9388
9390
9390
9390
9390
9390
9391
9391
9393
9393
9396
9397
9399
9399
9400
9400
9401
9401
9402
9402
9404
9406
9407
9407
9408
9408
9408
9409
9412
9412
9413
9414
9416
9418
9420
9421
9423
9424
9429
9430
9431
9432
9435
9436
9438
94